service_id,monday,tuesday,wednesday,thursday,friday,saturday,sunday,start_date,end_date
251875_7952,1,1,1,1,1,0,0,20240426,20241231
251875_7953,0,0,0,0,0,1,0,20240426,20241231
251875_7954,0,0,0,0,0,0,1,20240426,20241231
250785_7952,1,1,1,1,1,0,0,20240426,20241231
250785_7953,0,0,0,0,0,1,0,20240426,20241231
250785_7954,0,0,0,0,0,0,1,20240426,20241231
245270_7952,1,1,1,1,1,0,0,20240426,20241231
245270_7953,0,0,0,0,0,1,0,20240426,20241231
245270_7954,0,0,0,0,0,0,1,20240426,20241231
245271_7952,1,1,1,1,1,0,0,20240426,20241231
245271_7953,0,0,0,0,0,1,0,20240426,20241231
245271_7954,0,0,0,0,0,0,1,20240426,20241231
239844_7952,1,1,1,1,1,0,0,20240426,20241231
239844_7953,0,0,0,0,0,1,0,20240426,20241231
239844_7954,0,0,0,0,0,0,1,20240426,20241231
243901_7952,1,1,1,1,1,0,0,20240426,20241231
243901_7953,0,0,0,0,0,1,0,20240426,20241231
243901_7954,0,0,0,0,0,0,1,20240426,20241231
243895_7952,1,1,1,1,1,0,0,20240426,20241231
243895_7953,0,0,0,0,0,1,0,20240426,20241231
243895_7954,0,0,0,0,0,0,1,20240426,20241231
245267_7952,1,1,1,1,1,0,0,20240426,20241231
245267_7953,0,0,0,0,0,1,0,20240426,20241231
239858_7952,1,1,1,1,1,0,0,20240426,20241231
239858_7953,0,0,0,0,0,1,0,20240426,20241231
239858_7954,0,0,0,0,0,0,1,20240426,20241231
245265_7952,1,1,1,1,1,0,0,20240426,20241231
245265_7953,0,0,0,0,0,1,0,20240426,20241231
251881_7952,1,1,1,1,1,0,0,20240426,20241231
251881_7953,0,0,0,0,0,1,0,20240426,20241231
251881_7954,0,0,0,0,0,0,1,20240426,20241231
234483_7952,1,1,1,1,1,0,0,20240426,20241231
234483_7953,0,0,0,0,0,1,0,20240426,20241231
234483_7954,0,0,0,0,0,0,1,20240426,20241231
250338_7952,1,1,1,1,1,0,0,20240426,20241231
250338_7953,0,0,0,0,0,1,0,20240426,20241231
250338_7954,0,0,0,0,0,0,1,20240426,20241231
250323_7952,1,1,1,1,1,0,0,20240426,20241231
250323_7953,0,0,0,0,0,1,0,20240426,20241231
250323_7954,0,0,0,0,0,0,1,20240426,20241231
245262_7952,1,1,1,1,1,0,0,20240426,20241231
245262_7953,0,0,0,0,0,1,0,20240426,20241231
245262_7954,0,0,0,0,0,0,1,20240426,20241231
251886_7952,1,1,1,1,1,0,0,20240426,20241231
251886_7953,0,0,0,0,0,1,0,20240426,20241231
251886_7954,0,0,0,0,0,0,1,20240426,20241231
250342_7952,1,1,1,1,1,0,0,20240426,20241231
250342_7953,0,0,0,0,0,1,0,20240426,20241231
250342_7954,0,0,0,0,0,0,1,20240426,20241231
239855_7952,1,1,1,1,1,0,0,20240426,20241231
239855_7953,0,0,0,0,0,1,0,20240426,20241231
239855_7954,0,0,0,0,0,0,1,20240426,20241231
248003_7952,1,1,1,1,1,0,0,20240426,20241231
248003_7953,0,0,0,0,0,1,0,20240426,20241231
248003_7954,0,0,0,0,0,0,1,20240426,20241231
250782_7952,1,1,1,1,1,0,0,20240426,20241231
250782_7953,0,0,0,0,0,1,0,20240426,20241231
250782_7954,0,0,0,0,0,0,1,20240426,20241231
243909_7952,1,1,1,1,1,0,0,20240426,20241231
243909_7953,0,0,0,0,0,1,0,20240426,20241231
243909_7954,0,0,0,0,0,0,1,20240426,20241231
251877_7952,1,1,1,1,1,0,0,20240426,20241231
251877_7953,0,0,0,0,0,1,0,20240426,20241231
251877_7954,0,0,0,0,0,0,1,20240426,20241231
245259_7952,1,1,1,1,1,0,0,20240426,20241231
245259_7953,0,0,0,0,0,1,0,20240426,20241231
245259_7954,0,0,0,0,0,0,1,20240426,20241231
245255_7952,1,1,1,1,1,0,0,20240426,20241231
245255_7953,0,0,0,0,0,1,0,20240426,20241231
245255_7954,0,0,0,0,0,0,1,20240426,20241231
250465_7952,1,1,1,1,1,0,0,20240426,20241231
250465_7953,0,0,0,0,0,1,0,20240426,20241231
250465_7954,0,0,0,0,0,0,1,20240426,20241231
250313_7952,1,1,1,1,1,0,0,20240426,20241231
250313_7953,0,0,0,0,0,1,0,20240426,20241231
250313_7954,0,0,0,0,0,0,1,20240426,20241231
250317_7952,1,1,1,1,1,0,0,20240426,20241231
250317_7953,0,0,0,0,0,1,0,20240426,20241231
250317_7954,0,0,0,0,0,0,1,20240426,20241231
250283_7952,1,1,1,1,1,0,0,20240426,20241231
250283_7953,0,0,0,0,0,1,0,20240426,20241231
250283_7954,0,0,0,0,0,0,1,20240426,20241231
250281_7952,1,1,1,1,1,0,0,20240426,20241231
250281_7953,0,0,0,0,0,1,0,20240426,20241231
250281_7954,0,0,0,0,0,0,1,20240426,20241231
250287_7952,1,1,1,1,1,0,0,20240426,20241231
250287_7953,0,0,0,0,0,1,0,20240426,20241231
250287_7954,0,0,0,0,0,0,1,20240426,20241231
250271_7952,1,1,1,1,1,0,0,20240426,20241231
250468_7952,1,1,1,1,1,0,0,20240426,20241231
250468_7953,0,0,0,0,0,1,0,20240426,20241231
250468_7954,0,0,0,0,0,0,1,20240426,20241231
251889_7952,1,1,1,1,1,0,0,20240426,20240429
251889_7953,0,0,0,0,0,1,0,20240426,20240429
251889_7954,0,0,0,0,0,0,1,20240426,20240429
251884_7952,1,1,1,1,1,0,0,20240426,20241231
251884_7953,0,0,0,0,0,1,0,20240426,20241231
251884_7954,0,0,0,0,0,0,1,20240426,20241231
248439_7952,1,1,1,1,1,0,0,20240426,20241231
248439_7953,0,0,0,0,0,1,0,20240426,20241231
248439_7954,0,0,0,0,0,0,1,20240426,20241231
245258_7952,1,1,1,1,1,0,0,20240426,20241231
245258_7953,0,0,0,0,0,1,0,20240426,20241231
245258_7954,0,0,0,0,0,0,1,20240426,20241231
253297_7952,1,1,1,1,1,0,0,20240426,20241231
253297_7953,0,0,0,0,0,1,0,20240426,20241231
253297_7954,0,0,0,0,0,0,1,20240426,20241231
251306_7952,1,1,1,1,1,0,0,20240426,20241231
251306_7953,0,0,0,0,0,1,0,20240426,20241231
251306_7954,0,0,0,0,0,0,1,20240426,20241231
234412_7952,1,1,1,1,1,0,0,20240426,20241231
234412_7953,0,0,0,0,0,1,0,20240426,20241231
234412_7954,0,0,0,0,0,0,1,20240426,20241231
245538_7952,1,1,1,1,1,0,0,20240426,20241231
245538_7953,0,0,0,0,0,1,0,20240426,20241231
245538_7954,0,0,0,0,0,0,1,20240426,20241231
250325_7952,1,1,1,1,1,0,0,20240426,20241231
250325_7953,0,0,0,0,0,1,0,20240426,20241231
250325_7954,0,0,0,0,0,0,1,20240426,20241231
245268_7952,1,1,1,1,1,0,0,20240426,20241231
245268_7953,0,0,0,0,0,1,0,20240426,20241231
245268_7954,0,0,0,0,0,0,1,20240426,20241231
248001_7952,1,1,1,1,1,0,0,20240426,20241231
248001_7953,0,0,0,0,0,1,0,20240426,20241231
248001_7954,0,0,0,0,0,0,1,20240426,20241231
239843_7953,0,0,0,0,0,1,0,20240426,20240426
254535_7953,0,0,0,0,0,1,0,20240427,20241231
239843_7954,0,0,0,0,0,0,1,20240426,20240426
254535_7954,0,0,0,0,0,0,1,20240427,20241231
243917_7952,1,1,1,1,1,0,0,20240426,20241231
243917_7953,0,0,0,0,0,1,0,20240426,20241231
243917_7954,0,0,0,0,0,0,1,20240426,20241231
