service_id,monday,tuesday,wednesday,thursday,friday,saturday,sunday,start_date,end_date
1,1,1,1,1,1,1,1,20240616,20240630
2,1,1,1,1,1,1,1,20240616,20240630
3,1,1,1,1,1,1,1,20240616,20240630
4,1,1,1,1,1,1,1,20240616,20240630
5,1,1,1,1,1,1,1,20240616,20240630
6,1,1,1,1,1,1,1,20240616,20240630
7,1,1,1,1,1,1,1,20240616,20240630
8,1,1,1,1,1,1,1,20240616,20240630
9,1,1,1,1,1,1,1,20240616,20240630
10,1,1,1,1,1,1,1,20240616,20240630
11,1,1,1,1,1,1,1,20240616,20240630
12,1,1,1,1,1,1,1,20240616,20240630
13,1,1,1,1,1,1,1,20240616,20240630
14,1,1,1,1,1,1,1,20240616,20240630
15,1,1,1,1,1,1,1,20240616,20240630
16,1,1,1,1,1,1,1,20240616,20240630
17,1,1,1,1,1,1,1,20240616,20240630
18,1,1,1,1,1,1,1,20240616,20240630
19,1,1,1,1,1,1,1,20240616,20240630
20,1,1,1,1,1,1,1,20240616,20240630
21,1,1,1,1,1,1,1,20240616,20240630
22,1,1,1,1,1,1,1,20240616,20240630
23,1,1,1,1,1,1,1,20240616,20240630
24,1,1,1,1,1,1,1,20240616,20240630
25,1,1,1,1,1,1,1,20240616,20240630
26,1,1,1,1,1,1,1,20240616,20240630
27,1,1,1,1,1,1,1,20240616,20240630
28,1,1,1,1,1,1,1,20240616,20240630
29,1,1,1,1,1,1,1,20240616,20240630
30,1,1,1,1,1,1,1,20240616,20240630
31,1,1,1,1,1,1,1,20240616,20240630
32,1,1,1,1,1,1,1,20240616,20240630
33,1,1,1,1,1,1,1,20240616,20240630
34,1,1,1,1,1,1,1,20240616,20240630
35,1,1,1,1,1,1,1,20240616,20240630
36,1,1,1,1,1,1,1,20240616,20240630
37,1,1,1,1,1,1,1,20240616,20240630
38,1,1,1,1,1,1,1,20240616,20240630
39,1,1,1,1,1,1,1,20240616,20240630
40,1,1,1,1,1,1,1,20240616,20240630
41,1,1,1,1,1,1,1,20240616,20240630
42,1,1,1,1,1,1,1,20240616,20240630
43,1,1,1,1,1,1,1,20240616,20240630
44,1,1,1,1,1,1,1,20240616,20240630
45,1,1,1,1,1,1,1,20240616,20240630
46,1,1,1,1,1,1,1,20240616,20240630
47,1,1,1,1,1,1,1,20240616,20240630
48,1,1,1,1,1,1,1,20240616,20240630
49,1,1,1,1,1,1,1,20240616,20240630
50,1,1,1,1,1,1,1,20240616,20240630
51,1,1,1,1,1,1,1,20240616,20240630
52,1,1,1,1,1,1,1,20240616,20240630
53,1,1,1,1,1,1,1,20240616,20240630
54,1,1,1,1,1,1,1,20240616,20240630
55,1,1,1,1,1,1,1,20240616,20240630
56,1,1,1,1,1,1,1,20240616,20240630
57,1,1,1,1,1,1,1,20240616,20240630
58,1,1,1,1,1,1,1,20240616,20240630
59,1,1,1,1,1,1,1,20240616,20240630
60,1,1,1,1,1,1,1,20240616,20240630
61,1,1,1,1,1,1,1,20240616,20240630
62,1,1,1,1,1,1,1,20240616,20240630
63,1,1,1,1,1,1,1,20240616,20240630
64,1,1,1,1,1,1,1,20240616,20240630
65,1,1,1,1,1,1,1,20240616,20240630
66,1,1,1,1,1,1,1,20240616,20240630
67,1,1,1,1,1,1,1,20240616,20240630
68,1,1,1,1,1,1,1,20240616,20240630
69,1,1,1,1,1,1,1,20240616,20240630
70,1,1,1,1,1,1,1,20240616,20240630
71,1,1,1,1,1,1,1,20240616,20240630
72,1,1,1,1,1,1,1,20240616,20240630
73,1,1,1,1,1,1,1,20240616,20240630
74,1,1,1,1,1,1,1,20240616,20240630
75,1,1,1,1,1,1,1,20240616,20240630
76,1,1,1,1,1,1,1,20240616,20240630
77,1,1,1,1,1,1,1,20240616,20240630
78,1,1,1,1,1,1,1,20240616,20240630
79,1,1,1,1,1,1,1,20240616,20240630
80,1,1,1,1,1,1,1,20240616,20240630
81,1,1,1,1,1,1,1,20240616,20240630
82,1,1,1,1,1,1,1,20240616,20240630
83,1,1,1,1,1,1,1,20240616,20240630
84,1,1,1,1,1,1,1,20240616,20240630
85,1,1,1,1,1,1,1,20240616,20240630
86,1,1,1,1,1,1,1,20240616,20240630
87,1,1,1,1,1,1,1,20240616,20240630
88,1,1,1,1,1,1,1,20240616,20240630
89,1,1,1,1,1,1,1,20240616,20240630
90,1,1,1,1,1,1,1,20240616,20240630
91,1,1,1,1,1,1,1,20240616,20240630
92,1,1,1,1,1,1,1,20240616,20240630
93,1,1,1,1,1,1,1,20240616,20240630
94,1,1,1,1,1,1,1,20240616,20240630
95,1,1,1,1,1,1,1,20240616,20240630
96,1,1,1,1,1,1,1,20240616,20240630
97,1,1,1,1,1,1,1,20240616,20240630
98,1,1,1,1,1,1,1,20240616,20240630
99,1,1,1,1,1,1,1,20240616,20240630
100,1,1,1,1,1,1,1,20240616,20240630
101,1,1,1,1,1,1,1,20240616,20240630
102,1,1,1,1,1,1,1,20240616,20240630
103,1,1,1,1,1,1,1,20240616,20240630
104,1,1,1,1,1,1,1,20240616,20240630
105,1,1,1,1,1,1,1,20240616,20240630
106,1,1,1,1,1,1,1,20240616,20240630
107,1,1,1,1,1,1,1,20240616,20240630
108,1,1,1,1,1,1,1,20240616,20240630
109,1,1,1,1,1,1,1,20240616,20240630
110,1,1,1,1,1,1,1,20240616,20240630
111,1,1,1,1,1,1,1,20240616,20240630
112,1,1,1,1,1,1,1,20240616,20240630
113,1,1,1,1,1,1,1,20240616,20240630
114,1,1,1,1,1,1,1,20240616,20240630
115,1,1,1,1,1,1,1,20240616,20240630
116,1,1,1,1,1,1,1,20240616,20240630
117,1,1,1,1,1,1,1,20240616,20240630
118,1,1,1,1,1,1,1,20240616,20240630
119,1,1,1,1,1,1,1,20240616,20240630
120,1,1,1,1,1,1,1,20240616,20240630
121,1,1,1,1,1,1,1,20240616,20240630
122,1,1,1,1,1,1,1,20240616,20240630
123,1,1,1,1,1,1,1,20240616,20240630
124,1,1,1,1,1,1,1,20240616,20240630
125,1,1,1,1,1,1,1,20240616,20240630
126,1,1,1,1,1,1,1,20240616,20240630
127,1,1,1,1,1,1,1,20240616,20240630
128,1,1,1,1,1,1,1,20240616,20240630
129,1,1,1,1,1,1,1,20240616,20240630
130,1,1,1,1,1,1,1,20240616,20240630
131,1,1,1,1,1,1,1,20240616,20240630
132,1,1,1,1,1,1,1,20240616,20240630
133,1,1,1,1,1,1,1,20240616,20240630
134,1,1,1,1,1,1,1,20240616,20240630
135,1,1,1,1,1,1,1,20240616,20240630
136,1,1,1,1,1,1,1,20240616,20240630
137,1,1,1,1,1,1,1,20240616,20240630
138,1,1,1,1,1,1,1,20240616,20240630
139,1,1,1,1,1,1,1,20240616,20240630
140,1,1,1,1,1,1,1,20240616,20240630
141,1,1,1,1,1,1,1,20240616,20240630
142,1,1,1,1,1,1,1,20240616,20240630
143,1,1,1,1,1,1,1,20240616,20240630
144,1,1,1,1,1,1,1,20240616,20240630
145,1,1,1,1,1,1,1,20240616,20240630
146,1,1,1,1,1,1,1,20240616,20240630
147,1,1,1,1,1,1,1,20240616,20240630
148,1,1,1,1,1,1,1,20240616,20240630
149,1,1,1,1,1,1,1,20240616,20240630
150,1,1,1,1,1,1,1,20240616,20240630
151,1,1,1,1,1,1,1,20240616,20240630
152,1,1,1,1,1,1,1,20240616,20240630
153,1,1,1,1,1,1,1,20240616,20240630
154,1,1,1,1,1,1,1,20240616,20240630
155,1,1,1,1,1,1,1,20240616,20240630
156,1,1,1,1,1,1,1,20240616,20240630
157,1,1,1,1,1,1,1,20240616,20240630
158,1,1,1,1,1,1,1,20240616,20240630
159,1,1,1,1,1,1,1,20240616,20240630
160,1,1,1,1,1,1,1,20240616,20240630
161,1,1,1,1,1,1,1,20240616,20240630
162,1,1,1,1,1,1,1,20240616,20240630
163,1,1,1,1,1,1,1,20240616,20240630
164,1,1,1,1,1,1,1,20240616,20240630
165,1,1,1,1,1,1,1,20240616,20240630
166,1,1,1,1,1,1,1,20240616,20240630
167,1,1,1,1,1,1,1,20240616,20240630
168,1,1,1,1,1,1,1,20240616,20240630
169,1,1,1,1,1,1,1,20240616,20240630
170,1,1,1,1,1,1,1,20240616,20240630
171,1,1,1,1,1,1,1,20240616,20240630
172,1,1,1,1,1,1,1,20240616,20240630
173,1,1,1,1,1,1,1,20240616,20240630
174,1,1,1,1,1,1,1,20240616,20240630
175,1,1,1,1,1,1,1,20240616,20240630
176,1,1,1,1,1,1,1,20240616,20240630
177,1,1,1,1,1,1,1,20240616,20240630
178,1,1,1,1,1,1,1,20240616,20240630
179,1,1,1,1,1,1,1,20240616,20240630
180,1,1,1,1,1,1,1,20240616,20240630
181,1,1,1,1,1,1,1,20240616,20240630
182,1,1,1,1,1,1,1,20240616,20240630
183,1,1,1,1,1,1,1,20240616,20240630
184,1,1,1,1,1,1,1,20240616,20240630
185,1,1,1,1,1,1,1,20240616,20240630
186,1,1,1,1,1,1,1,20240616,20240630
187,1,1,1,1,1,1,1,20240616,20240630
188,1,1,1,1,1,1,1,20240616,20240630
189,1,1,1,1,1,1,1,20240616,20240630
190,1,1,1,1,1,1,1,20240616,20240630
191,1,1,1,1,1,1,1,20240616,20240630
192,1,1,1,1,1,1,1,20240616,20240630
193,1,1,1,1,1,1,1,20240616,20240630
194,1,1,1,1,1,1,1,20240616,20240630
195,1,1,1,1,1,1,1,20240616,20240630
196,1,1,1,1,1,1,1,20240616,20240630
197,1,1,1,1,1,1,1,20240616,20240630
198,1,1,1,1,1,1,1,20240616,20240630
199,1,1,1,1,1,1,1,20240616,20240630
200,1,1,1,1,1,1,1,20240616,20240630
201,1,1,1,1,1,1,1,20240616,20240630
202,1,1,1,1,1,1,1,20240616,20240630
203,1,1,1,1,1,1,1,20240616,20240630
204,1,1,1,1,1,1,1,20240616,20240630
205,1,1,1,1,1,1,1,20240616,20240630
206,1,1,1,1,1,1,1,20240616,20240630
207,1,1,1,1,1,1,1,20240616,20240630
208,1,1,1,1,1,1,1,20240616,20240630
209,1,1,1,1,1,1,1,20240616,20240630
210,1,1,1,1,1,1,1,20240616,20240630
211,1,1,1,1,1,1,1,20240616,20240630
212,1,1,1,1,1,1,1,20240616,20240630
213,1,1,1,1,1,1,1,20240616,20240630
214,1,1,1,1,1,1,1,20240616,20240630
215,1,1,1,1,1,1,1,20240616,20240630
216,1,1,1,1,1,1,1,20240616,20240630
217,1,1,1,1,1,1,1,20240616,20240630
218,1,1,1,1,1,1,1,20240616,20240630
219,1,1,1,1,1,1,1,20240616,20240630
220,1,1,1,1,1,1,1,20240616,20240630
221,1,1,1,1,1,1,1,20240616,20240630
222,1,1,1,1,1,1,1,20240616,20240630
223,1,1,1,1,1,1,1,20240616,20240630
224,1,1,1,1,1,1,1,20240616,20240630
225,1,1,1,1,1,1,1,20240616,20240630
226,1,1,1,1,1,1,1,20240616,20240630
227,1,1,1,1,1,1,1,20240616,20240630
228,1,1,1,1,1,1,1,20240616,20240630
229,1,1,1,1,1,1,1,20240616,20240630
230,1,1,1,1,1,1,1,20240616,20240630
231,1,1,1,1,1,1,1,20240616,20240630
232,1,1,1,1,1,1,1,20240616,20240630
233,1,1,1,1,1,1,1,20240616,20240630
234,1,1,1,1,1,1,1,20240616,20240630
235,1,1,1,1,1,1,1,20240616,20240630
236,1,1,1,1,1,1,1,20240616,20240630
237,1,1,1,1,1,1,1,20240616,20240630
238,1,1,1,1,1,1,1,20240616,20240630
239,1,1,1,1,1,1,1,20240616,20240630
240,1,1,1,1,1,1,1,20240616,20240630
241,1,1,1,1,1,1,1,20240616,20240630
242,1,1,1,1,1,1,1,20240616,20240630
243,1,1,1,1,1,1,1,20240616,20240630
244,1,1,1,1,1,1,1,20240616,20240630
245,1,1,1,1,1,1,1,20240616,20240630
246,1,1,1,1,1,1,1,20240616,20240630
247,1,1,1,1,1,1,1,20240616,20240630
248,1,1,1,1,1,1,1,20240616,20240630
249,1,1,1,1,1,1,1,20240616,20240630
250,1,1,1,1,1,1,1,20240616,20240630
251,1,1,1,1,1,1,1,20240616,20240630
252,1,1,1,1,1,1,1,20240616,20240630
253,1,1,1,1,1,1,1,20240616,20240630
254,1,1,1,1,1,1,1,20240616,20240630
255,1,1,1,1,1,1,1,20240616,20240630
256,1,1,1,1,1,1,1,20240616,20240630
257,1,1,1,1,1,1,1,20240616,20240630
258,1,1,1,1,1,1,1,20240616,20240630
259,1,1,1,1,1,1,1,20240616,20240630
260,1,1,1,1,1,1,1,20240616,20240630
261,1,1,1,1,1,1,1,20240616,20240630
262,1,1,1,1,1,1,1,20240616,20240630
263,1,1,1,1,1,1,1,20240616,20240630
264,1,1,1,1,1,1,1,20240616,20240630
265,1,1,1,1,1,1,1,20240616,20240630
266,1,1,1,1,1,1,1,20240616,20240630
267,1,1,1,1,1,1,1,20240616,20240630
268,1,1,1,1,1,1,1,20240616,20240630
269,1,1,1,1,1,1,1,20240616,20240630
270,1,1,1,1,1,1,1,20240616,20240630
271,1,1,1,1,1,1,1,20240616,20240630
272,1,1,1,1,1,1,1,20240616,20240630
273,1,1,1,1,1,1,1,20240616,20240630
274,1,1,1,1,1,1,1,20240616,20240630
275,1,1,1,1,1,1,1,20240616,20240630
276,1,1,1,1,1,1,1,20240616,20240630
277,1,1,1,1,1,1,1,20240616,20240630
278,1,1,1,1,1,1,1,20240616,20240630
279,1,1,1,1,1,1,1,20240616,20240630
280,1,1,1,1,1,1,1,20240616,20240630
281,1,1,1,1,1,1,1,20240616,20240630
282,1,1,1,1,1,1,1,20240616,20240630
283,1,1,1,1,1,1,1,20240616,20240630
284,1,1,1,1,1,1,1,20240616,20240630
285,1,1,1,1,1,1,1,20240616,20240630
286,1,1,1,1,1,1,1,20240616,20240630
287,1,1,1,1,1,1,1,20240616,20240630
288,1,1,1,1,1,1,1,20240616,20240630
289,1,1,1,1,1,1,1,20240616,20240630
290,1,1,1,1,1,1,1,20240616,20240630
291,1,1,1,1,1,1,1,20240616,20240630
292,1,1,1,1,1,1,1,20240616,20240630
293,1,1,1,1,1,1,1,20240616,20240630
294,1,1,1,1,1,1,1,20240616,20240630
295,1,1,1,1,1,1,1,20240616,20240630
296,1,1,1,1,1,1,1,20240616,20240630
297,1,1,1,1,1,1,1,20240616,20240630
298,1,1,1,1,1,1,1,20240616,20240630
299,1,1,1,1,1,1,1,20240616,20240630
300,1,1,1,1,1,1,1,20240616,20240630
301,1,1,1,1,1,1,1,20240616,20240630
302,1,1,1,1,1,1,1,20240616,20240630
303,1,1,1,1,1,1,1,20240616,20240630
304,1,1,1,1,1,1,1,20240616,20240630
305,1,1,1,1,1,1,1,20240616,20240630
306,1,1,1,1,1,1,1,20240616,20240630
307,1,1,1,1,1,1,1,20240616,20240630
308,1,1,1,1,1,1,1,20240616,20240630
309,1,1,1,1,1,1,1,20240616,20240630
310,1,1,1,1,1,1,1,20240616,20240630
311,1,1,1,1,1,1,1,20240616,20240630
312,1,1,1,1,1,1,1,20240616,20240630
313,1,1,1,1,1,1,1,20240616,20240630
314,1,1,1,1,1,1,1,20240616,20240630
315,1,1,1,1,1,1,1,20240616,20240630
316,1,1,1,1,1,1,1,20240616,20240630
317,1,1,1,1,1,1,1,20240616,20240630
318,1,1,1,1,1,1,1,20240616,20240630
319,1,1,1,1,1,1,1,20240616,20240630
320,1,1,1,1,1,1,1,20240616,20240630
321,1,1,1,1,1,1,1,20240616,20240630
322,1,1,1,1,1,1,1,20240616,20240630
323,1,1,1,1,1,1,1,20240616,20240630
324,1,1,1,1,1,1,1,20240616,20240630
325,1,1,1,1,1,1,1,20240616,20240630
326,1,1,1,1,1,1,1,20240616,20240630
327,1,1,1,1,1,1,1,20240616,20240630
328,1,1,1,1,1,1,1,20240616,20240630
329,1,1,1,1,1,1,1,20240616,20240630
330,1,1,1,1,1,1,1,20240616,20240630
331,1,1,1,1,1,1,1,20240616,20240630
332,1,1,1,1,1,1,1,20240616,20240630
333,1,1,1,1,1,1,1,20240616,20240630
334,1,1,1,1,1,1,1,20240616,20240630
335,1,1,1,1,1,1,1,20240616,20240630
336,1,1,1,1,1,1,1,20240616,20240630
337,1,1,1,1,1,1,1,20240616,20240630
338,1,1,1,1,1,1,1,20240616,20240630
339,1,1,1,1,1,1,1,20240616,20240630
340,1,1,1,1,1,1,1,20240616,20240630
341,1,1,1,1,1,1,1,20240616,20240630
342,1,1,1,1,1,1,1,20240616,20240630
343,1,1,1,1,1,1,1,20240616,20240630
344,1,1,1,1,1,1,1,20240616,20240630
345,1,1,1,1,1,1,1,20240616,20240630
346,1,1,1,1,1,1,1,20240616,20240630
347,1,1,1,1,1,1,1,20240616,20240630
348,1,1,1,1,1,1,1,20240616,20240630
349,1,1,1,1,1,1,1,20240616,20240630
350,1,1,1,1,1,1,1,20240616,20240630
351,1,1,1,1,1,1,1,20240616,20240630
352,1,1,1,1,1,1,1,20240616,20240630
353,1,1,1,1,1,1,1,20240616,20240630
354,1,1,1,1,1,1,1,20240616,20240630
355,1,1,1,1,1,1,1,20240616,20240630
356,1,1,1,1,1,1,1,20240616,20240630
357,1,1,1,1,1,1,1,20240616,20240630
358,1,1,1,1,1,1,1,20240616,20240630
359,1,1,1,1,1,1,1,20240616,20240630
360,1,1,1,1,1,1,1,20240616,20240630
361,1,1,1,1,1,1,1,20240616,20240630
362,1,1,1,1,1,1,1,20240616,20240630
363,1,1,1,1,1,1,1,20240616,20240630
364,1,1,1,1,1,1,1,20240616,20240630
365,1,1,1,1,1,1,1,20240616,20240630
366,1,1,1,1,1,1,1,20240616,20240630
367,1,1,1,1,1,1,1,20240616,20240630
368,1,1,1,1,1,1,1,20240616,20240630
369,1,1,1,1,1,1,1,20240616,20240630
370,1,1,1,1,1,1,1,20240616,20240630
371,1,1,1,1,1,1,1,20240616,20240630
372,1,1,1,1,1,1,1,20240616,20240630
373,1,1,1,1,1,1,1,20240616,20240630
374,1,1,1,1,1,1,1,20240616,20240630
375,1,1,1,1,1,1,1,20240616,20240630
376,1,1,1,1,1,1,1,20240616,20240630
377,1,1,1,1,1,1,1,20240616,20240630
378,1,1,1,1,1,1,1,20240616,20240630
379,1,1,1,1,1,1,1,20240616,20240630
380,1,1,1,1,1,1,1,20240616,20240630
381,1,1,1,1,1,1,1,20240616,20240630
382,1,1,1,1,1,1,1,20240616,20240630
383,1,1,1,1,1,1,1,20240616,20240630
384,1,1,1,1,1,1,1,20240616,20240630
385,1,1,1,1,1,1,1,20240616,20240630
386,1,1,1,1,1,1,1,20240616,20240630
387,1,1,1,1,1,1,1,20240616,20240630
388,1,1,1,1,1,1,1,20240616,20240630
389,1,1,1,1,1,1,1,20240616,20240630
390,1,1,1,1,1,1,1,20240616,20240630
391,1,1,1,1,1,1,1,20240616,20240630
392,1,1,1,1,1,1,1,20240616,20240630
393,1,1,1,1,1,1,1,20240616,20240630
394,1,1,1,1,1,1,1,20240616,20240630
395,1,1,1,1,1,1,1,20240616,20240630
396,1,1,1,1,1,1,1,20240616,20240630
397,1,1,1,1,1,1,1,20240616,20240630
398,1,1,1,1,1,1,1,20240616,20240630
399,1,1,1,1,1,1,1,20240616,20240630
400,1,1,1,1,1,1,1,20240616,20240630
401,1,1,1,1,1,1,1,20240616,20240630
402,1,1,1,1,1,1,1,20240616,20240630
403,1,1,1,1,1,1,1,20240616,20240630
404,1,1,1,1,1,1,1,20240616,20240630
405,1,1,1,1,1,1,1,20240616,20240630
406,1,1,1,1,1,1,1,20240616,20240630
407,1,1,1,1,1,1,1,20240616,20240630
408,1,1,1,1,1,1,1,20240616,20240630
409,1,1,1,1,1,1,1,20240616,20240630
410,1,1,1,1,1,1,1,20240616,20240630
411,1,1,1,1,1,1,1,20240616,20240630
412,1,1,1,1,1,1,1,20240616,20240630
413,1,1,1,1,1,1,1,20240616,20240630
414,1,1,1,1,1,1,1,20240616,20240630
415,1,1,1,1,1,1,1,20240616,20240630
416,1,1,1,1,1,1,1,20240616,20240630
417,1,1,1,1,1,1,1,20240616,20240630
418,1,1,1,1,1,1,1,20240616,20240630
419,1,1,1,1,1,1,1,20240616,20240630
420,1,1,1,1,1,1,1,20240616,20240630
421,1,1,1,1,1,1,1,20240616,20240630
422,1,1,1,1,1,1,1,20240616,20240630
423,1,1,1,1,1,1,1,20240616,20240630
424,1,1,1,1,1,1,1,20240616,20240630
425,1,1,1,1,1,1,1,20240616,20240630
426,1,1,1,1,1,1,1,20240616,20240630
427,1,1,1,1,1,1,1,20240616,20240630
428,1,1,1,1,1,1,1,20240616,20240630
429,1,1,1,1,1,1,1,20240616,20240630
430,1,1,1,1,1,1,1,20240616,20240630
431,1,1,1,1,1,1,1,20240616,20240630
432,1,1,1,1,1,1,1,20240616,20240630
433,1,1,1,1,1,1,1,20240616,20240630
434,1,1,1,1,1,1,1,20240616,20240630
435,1,1,1,1,1,1,1,20240616,20240630
436,1,1,1,1,1,1,1,20240616,20240630
437,1,1,1,1,1,1,1,20240616,20240630
438,1,1,1,1,1,1,1,20240616,20240630
439,1,1,1,1,1,1,1,20240616,20240630
440,1,1,1,1,1,1,1,20240616,20240630
441,1,1,1,1,1,1,1,20240616,20240630
442,1,1,1,1,1,1,1,20240616,20240630
443,1,1,1,1,1,1,1,20240616,20240630
444,1,1,1,1,1,1,1,20240616,20240630
445,1,1,1,1,1,1,1,20240616,20240630
446,1,1,1,1,1,1,1,20240616,20240630
447,1,1,1,1,1,1,1,20240616,20240630
448,1,1,1,1,1,1,1,20240616,20240630
449,1,1,1,1,1,1,1,20240616,20240630
450,1,1,1,1,1,1,1,20240616,20240630
451,1,1,1,1,1,1,1,20240616,20240630
452,1,1,1,1,1,1,1,20240616,20240630
453,1,1,1,1,1,1,1,20240616,20240630
454,1,1,1,1,1,1,1,20240616,20240630
455,1,1,1,1,1,1,1,20240616,20240630
456,1,1,1,1,1,1,1,20240616,20240630
457,1,1,1,1,1,1,1,20240616,20240630
458,1,1,1,1,1,1,1,20240616,20240630
459,1,1,1,1,1,1,1,20240616,20240630
460,1,1,1,1,1,1,1,20240616,20240630
461,1,1,1,1,1,1,1,20240616,20240630
462,1,1,1,1,1,1,1,20240616,20240630
463,1,1,1,1,1,1,1,20240616,20240630
464,1,1,1,1,1,1,1,20240616,20240630
465,1,1,1,1,1,1,1,20240616,20240630
466,1,1,1,1,1,1,1,20240616,20240630
467,1,1,1,1,1,1,1,20240616,20240630
468,1,1,1,1,1,1,1,20240616,20240630
469,1,1,1,1,1,1,1,20240616,20240630
470,1,1,1,1,1,1,1,20240616,20240630
471,1,1,1,1,1,1,1,20240616,20240630
472,1,1,1,1,1,1,1,20240616,20240630
473,1,1,1,1,1,1,1,20240616,20240630
474,1,1,1,1,1,1,1,20240616,20240630
475,1,1,1,1,1,1,1,20240616,20240630
476,1,1,1,1,1,1,1,20240616,20240630
477,1,1,1,1,1,1,1,20240616,20240630
478,1,1,1,1,1,1,1,20240616,20240630
479,1,1,1,1,1,1,1,20240616,20240630
480,1,1,1,1,1,1,1,20240616,20240630
481,1,1,1,1,1,1,1,20240616,20240630
482,1,1,1,1,1,1,1,20240616,20240630
483,1,1,1,1,1,1,1,20240616,20240630
484,1,1,1,1,1,1,1,20240616,20240630
485,1,1,1,1,1,1,1,20240616,20240630
486,1,1,1,1,1,1,1,20240616,20240630
487,1,1,1,1,1,1,1,20240616,20240630
488,1,1,1,1,1,1,1,20240616,20240630
489,1,1,1,1,1,1,1,20240616,20240630
490,1,1,1,1,1,1,1,20240616,20240630
491,1,1,1,1,1,1,1,20240616,20240630
492,1,1,1,1,1,1,1,20240616,20240630
493,1,1,1,1,1,1,1,20240616,20240630
494,1,1,1,1,1,1,1,20240616,20240630
495,1,1,1,1,1,1,1,20240616,20240630
496,1,1,1,1,1,1,1,20240616,20240630
497,1,1,1,1,1,1,1,20240616,20240630
498,1,1,1,1,1,1,1,20240616,20240630
499,1,1,1,1,1,1,1,20240616,20240630
500,1,1,1,1,1,1,1,20240616,20240630
501,1,1,1,1,1,1,1,20240616,20240630
502,1,1,1,1,1,1,1,20240616,20240630
503,1,1,1,1,1,1,1,20240616,20240630
504,1,1,1,1,1,1,1,20240616,20240630
505,1,1,1,1,1,1,1,20240616,20240630
506,1,1,1,1,1,1,1,20240616,20240630
507,1,1,1,1,1,1,1,20240616,20240630
508,1,1,1,1,1,1,1,20240616,20240630
509,1,1,1,1,1,1,1,20240616,20240630
510,1,1,1,1,1,1,1,20240616,20240630
511,1,1,1,1,1,1,1,20240616,20240630
512,1,1,1,1,1,1,1,20240616,20240630
513,1,1,1,1,1,1,1,20240616,20240630
514,1,1,1,1,1,1,1,20240616,20240630
515,1,1,1,1,1,1,1,20240616,20240630
516,1,1,1,1,1,1,1,20240616,20240630
517,1,1,1,1,1,1,1,20240616,20240630
518,1,1,1,1,1,1,1,20240616,20240630
519,1,1,1,1,1,1,1,20240616,20240630
520,1,1,1,1,1,1,1,20240616,20240630
521,1,1,1,1,1,1,1,20240616,20240630
522,1,1,1,1,1,1,1,20240616,20240630
523,1,1,1,1,1,1,1,20240616,20240630
524,1,1,1,1,1,1,1,20240616,20240630
525,1,1,1,1,1,1,1,20240616,20240630
526,1,1,1,1,1,1,1,20240616,20240630
527,1,1,1,1,1,1,1,20240616,20240630
528,1,1,1,1,1,1,1,20240616,20240630
529,1,1,1,1,1,1,1,20240616,20240630
530,1,1,1,1,1,1,1,20240616,20240630
531,1,1,1,1,1,1,1,20240616,20240630
532,1,1,1,1,1,1,1,20240616,20240630
533,1,1,1,1,1,1,1,20240616,20240630
534,1,1,1,1,1,1,1,20240616,20240630
535,1,1,1,1,1,1,1,20240616,20240630
536,1,1,1,1,1,1,1,20240616,20240630
537,1,1,1,1,1,1,1,20240616,20240630
538,1,1,1,1,1,1,1,20240616,20240630
539,1,1,1,1,1,1,1,20240616,20240630
540,1,1,1,1,1,1,1,20240616,20240630
541,1,1,1,1,1,1,1,20240616,20240630
542,1,1,1,1,1,1,1,20240616,20240630
543,1,1,1,1,1,1,1,20240616,20240630
544,1,1,1,1,1,1,1,20240616,20240630
545,1,1,1,1,1,1,1,20240616,20240630
546,1,1,1,1,1,1,1,20240616,20240630
547,1,1,1,1,1,1,1,20240616,20240630
548,1,1,1,1,1,1,1,20240616,20240630
549,1,1,1,1,1,1,1,20240616,20240630
550,1,1,1,1,1,1,1,20240616,20240630
551,1,1,1,1,1,1,1,20240616,20240630
552,1,1,1,1,1,1,1,20240616,20240630
553,1,1,1,1,1,1,1,20240616,20240630
554,1,1,1,1,1,1,1,20240616,20240630
555,1,1,1,1,1,1,1,20240616,20240630
556,1,1,1,1,1,1,1,20240616,20240630
557,1,1,1,1,1,1,1,20240616,20240630
558,1,1,1,1,1,1,1,20240616,20240630
559,1,1,1,1,1,1,1,20240616,20240630
560,1,1,1,1,1,1,1,20240616,20240630
561,1,1,1,1,1,1,1,20240616,20240630
562,1,1,1,1,1,1,1,20240616,20240630
563,1,1,1,1,1,1,1,20240616,20240630
564,1,1,1,1,1,1,1,20240616,20240630
565,1,1,1,1,1,1,1,20240616,20240630
566,1,1,1,1,1,1,1,20240616,20240630
567,1,1,1,1,1,1,1,20240616,20240630
568,1,1,1,1,1,1,1,20240616,20240630
569,1,1,1,1,1,1,1,20240616,20240630
570,1,1,1,1,1,1,1,20240616,20240630
571,1,1,1,1,1,1,1,20240616,20240630
572,1,1,1,1,1,1,1,20240616,20240630
573,1,1,1,1,1,1,1,20240616,20240630
574,1,1,1,1,1,1,1,20240616,20240630
575,1,1,1,1,1,1,1,20240616,20240630
576,1,1,1,1,1,1,1,20240616,20240630
577,1,1,1,1,1,1,1,20240616,20240630
578,1,1,1,1,1,1,1,20240616,20240630
579,1,1,1,1,1,1,1,20240616,20240630
580,1,1,1,1,1,1,1,20240616,20240630
581,1,1,1,1,1,1,1,20240616,20240630
582,1,1,1,1,1,1,1,20240616,20240630
583,1,1,1,1,1,1,1,20240616,20240630
584,1,1,1,1,1,1,1,20240616,20240630
585,1,1,1,1,1,1,1,20240616,20240630
586,1,1,1,1,1,1,1,20240616,20240630
587,1,1,1,1,1,1,1,20240616,20240630
588,1,1,1,1,1,1,1,20240616,20240630
589,1,1,1,1,1,1,1,20240616,20240630
590,1,1,1,1,1,1,1,20240616,20240630
591,1,1,1,1,1,1,1,20240616,20240630
592,1,1,1,1,1,1,1,20240616,20240630
593,1,1,1,1,1,1,1,20240616,20240630
594,1,1,1,1,1,1,1,20240616,20240630
595,1,1,1,1,1,1,1,20240616,20240630
596,1,1,1,1,1,1,1,20240616,20240630
597,1,1,1,1,1,1,1,20240616,20240630
598,1,1,1,1,1,1,1,20240616,20240630
599,1,1,1,1,1,1,1,20240616,20240630
600,1,1,1,1,1,1,1,20240616,20240630
601,1,1,1,1,1,1,1,20240616,20240630
602,1,1,1,1,1,1,1,20240616,20240630
603,1,1,1,1,1,1,1,20240616,20240630
604,1,1,1,1,1,1,1,20240616,20240630
605,1,1,1,1,1,1,1,20240616,20240630
606,1,1,1,1,1,1,1,20240616,20240630
607,1,1,1,1,1,1,1,20240616,20240630
608,1,1,1,1,1,1,1,20240616,20240630
609,1,1,1,1,1,1,1,20240616,20240630
610,1,1,1,1,1,1,1,20240616,20240630
611,1,1,1,1,1,1,1,20240616,20240630
612,1,1,1,1,1,1,1,20240616,20240630
613,1,1,1,1,1,1,1,20240616,20240630
614,1,1,1,1,1,1,1,20240616,20240630
615,1,1,1,1,1,1,1,20240616,20240630
616,1,1,1,1,1,1,1,20240616,20240630
617,1,1,1,1,1,1,1,20240616,20240630
618,1,1,1,1,1,1,1,20240616,20240630
619,1,1,1,1,1,1,1,20240616,20240630
620,1,1,1,1,1,1,1,20240616,20240630
621,1,1,1,1,1,1,1,20240616,20240630
622,1,1,1,1,1,1,1,20240616,20240630
623,1,1,1,1,1,1,1,20240616,20240630
624,1,1,1,1,1,1,1,20240616,20240630
625,1,1,1,1,1,1,1,20240616,20240630
626,1,1,1,1,1,1,1,20240616,20240630
627,1,1,1,1,1,1,1,20240616,20240630
628,1,1,1,1,1,1,1,20240616,20240630
629,1,1,1,1,1,1,1,20240616,20240630
630,1,1,1,1,1,1,1,20240616,20240630
631,1,1,1,1,1,1,1,20240616,20240630
632,1,1,1,1,1,1,1,20240616,20240630
633,1,1,1,1,1,1,1,20240616,20240630
634,1,1,1,1,1,1,1,20240616,20240630
635,1,1,1,1,1,1,1,20240616,20240630
636,1,1,1,1,1,1,1,20240616,20240630
637,1,1,1,1,1,1,1,20240616,20240630
638,1,1,1,1,1,1,1,20240616,20240630
639,1,1,1,1,1,1,1,20240616,20240630
640,1,1,1,1,1,1,1,20240616,20240630
641,1,1,1,1,1,1,1,20240616,20240630
642,1,1,1,1,1,1,1,20240616,20240630
643,1,1,1,1,1,1,1,20240616,20240630
644,1,1,1,1,1,1,1,20240616,20240630
645,1,1,1,1,1,1,1,20240616,20240630
646,1,1,1,1,1,1,1,20240616,20240630
647,1,1,1,1,1,1,1,20240616,20240630
648,1,1,1,1,1,1,1,20240616,20240630
649,1,1,1,1,1,1,1,20240616,20240630
650,1,1,1,1,1,1,1,20240616,20240630
651,1,1,1,1,1,1,1,20240616,20240630
652,1,1,1,1,1,1,1,20240616,20240630
653,1,1,1,1,1,1,1,20240616,20240630
654,1,1,1,1,1,1,1,20240616,20240630
655,1,1,1,1,1,1,1,20240616,20240630
656,1,1,1,1,1,1,1,20240616,20240630
657,1,1,1,1,1,1,1,20240616,20240630
658,1,1,1,1,1,1,1,20240616,20240630
659,1,1,1,1,1,1,1,20240616,20240630
660,1,1,1,1,1,1,1,20240616,20240630
661,1,1,1,1,1,1,1,20240616,20240630
662,1,1,1,1,1,1,1,20240616,20240630
663,1,1,1,1,1,1,1,20240616,20240630
664,1,1,1,1,1,1,1,20240616,20240630
665,1,1,1,1,1,1,1,20240616,20240630
666,1,1,1,1,1,1,1,20240616,20240630
667,1,1,1,1,1,1,1,20240616,20240630
668,1,1,1,1,1,1,1,20240616,20240630
669,1,1,1,1,1,1,1,20240616,20240630
670,1,1,1,1,1,1,1,20240616,20240630
671,1,1,1,1,1,1,1,20240616,20240630
672,1,1,1,1,1,1,1,20240616,20240630
673,1,1,1,1,1,1,1,20240616,20240630
674,1,1,1,1,1,1,1,20240616,20240630
675,1,1,1,1,1,1,1,20240616,20240630
676,1,1,1,1,1,1,1,20240616,20240630
677,1,1,1,1,1,1,1,20240616,20240630
678,1,1,1,1,1,1,1,20240616,20240630
679,1,1,1,1,1,1,1,20240616,20240630
680,1,1,1,1,1,1,1,20240616,20240630
681,1,1,1,1,1,1,1,20240616,20240630
682,1,1,1,1,1,1,1,20240616,20240630
683,1,1,1,1,1,1,1,20240616,20240630
684,1,1,1,1,1,1,1,20240616,20240630
685,1,1,1,1,1,1,1,20240616,20240630
686,1,1,1,1,1,1,1,20240616,20240630
687,1,1,1,1,1,1,1,20240616,20240630
688,1,1,1,1,1,1,1,20240616,20240630
689,1,1,1,1,1,1,1,20240616,20240630
690,1,1,1,1,1,1,1,20240616,20240630
691,1,1,1,1,1,1,1,20240616,20240630
692,1,1,1,1,1,1,1,20240616,20240630
693,1,1,1,1,1,1,1,20240616,20240630
694,1,1,1,1,1,1,1,20240616,20240630
695,1,1,1,1,1,1,1,20240616,20240630
696,1,1,1,1,1,1,1,20240616,20240630
697,1,1,1,1,1,1,1,20240616,20240630
698,1,1,1,1,1,1,1,20240616,20240630
699,1,1,1,1,1,1,1,20240616,20240630
700,1,1,1,1,1,1,1,20240616,20240630
701,1,1,1,1,1,1,1,20240616,20240630
702,1,1,1,1,1,1,1,20240616,20240630
703,1,1,1,1,1,1,1,20240616,20240630
704,1,1,1,1,1,1,1,20240616,20240630
705,1,1,1,1,1,1,1,20240616,20240630
706,1,1,1,1,1,1,1,20240616,20240630
707,1,1,1,1,1,1,1,20240616,20240630
708,1,1,1,1,1,1,1,20240616,20240630
709,1,1,1,1,1,1,1,20240616,20240630
710,1,1,1,1,1,1,1,20240616,20240630
711,1,1,1,1,1,1,1,20240616,20240630
712,1,1,1,1,1,1,1,20240616,20240630
713,1,1,1,1,1,1,1,20240616,20240630
714,1,1,1,1,1,1,1,20240616,20240630
715,1,1,1,1,1,1,1,20240616,20240630
716,1,1,1,1,1,1,1,20240616,20240630
717,1,1,1,1,1,1,1,20240616,20240630
718,1,1,1,1,1,1,1,20240616,20240630
719,1,1,1,1,1,1,1,20240616,20240630
720,1,1,1,1,1,1,1,20240616,20240630
721,1,1,1,1,1,1,1,20240616,20240630
722,1,1,1,1,1,1,1,20240616,20240630
723,1,1,1,1,1,1,1,20240616,20240630
724,1,1,1,1,1,1,1,20240616,20240630
725,1,1,1,1,1,1,1,20240616,20240630
726,1,1,1,1,1,1,1,20240616,20240630
727,1,1,1,1,1,1,1,20240616,20240630
728,1,1,1,1,1,1,1,20240616,20240630
729,1,1,1,1,1,1,1,20240616,20240630
730,1,1,1,1,1,1,1,20240616,20240630
731,1,1,1,1,1,1,1,20240616,20240630
732,1,1,1,1,1,1,1,20240616,20240630
733,1,1,1,1,1,1,1,20240616,20240630
734,1,1,1,1,1,1,1,20240616,20240630
735,1,1,1,1,1,1,1,20240616,20240630
736,1,1,1,1,1,1,1,20240616,20240630
737,1,1,1,1,1,1,1,20240616,20240630
738,1,1,1,1,1,1,1,20240616,20240630
739,1,1,1,1,1,1,1,20240616,20240630
740,1,1,1,1,1,1,1,20240616,20240630
741,1,1,1,1,1,1,1,20240616,20240630
742,1,1,1,1,1,1,1,20240616,20240630
743,1,1,1,1,1,1,1,20240616,20240630
744,1,1,1,1,1,1,1,20240616,20240630
745,1,1,1,1,1,1,1,20240616,20240630
746,1,1,1,1,1,1,1,20240616,20240630
747,1,1,1,1,1,1,1,20240616,20240630
748,1,1,1,1,1,1,1,20240616,20240630
749,1,1,1,1,1,1,1,20240616,20240630
750,1,1,1,1,1,1,1,20240616,20240630
751,1,1,1,1,1,1,1,20240616,20240630
752,1,1,1,1,1,1,1,20240616,20240630
753,1,1,1,1,1,1,1,20240616,20240630
754,1,1,1,1,1,1,1,20240616,20240630
755,1,1,1,1,1,1,1,20240616,20240630
756,1,1,1,1,1,1,1,20240616,20240630
757,1,1,1,1,1,1,1,20240616,20240630
758,1,1,1,1,1,1,1,20240616,20240630
759,1,1,1,1,1,1,1,20240616,20240630
760,1,1,1,1,1,1,1,20240616,20240630
761,1,1,1,1,1,1,1,20240616,20240630
762,1,1,1,1,1,1,1,20240616,20240630
763,1,1,1,1,1,1,1,20240616,20240630
764,1,1,1,1,1,1,1,20240616,20240630
765,1,1,1,1,1,1,1,20240616,20240630
766,1,1,1,1,1,1,1,20240616,20240630
767,1,1,1,1,1,1,1,20240616,20240630
768,1,1,1,1,1,1,1,20240616,20240630
769,1,1,1,1,1,1,1,20240616,20240630
770,1,1,1,1,1,1,1,20240616,20240630
771,1,1,1,1,1,1,1,20240616,20240630
772,1,1,1,1,1,1,1,20240616,20240630
773,1,1,1,1,1,1,1,20240616,20240630
774,1,1,1,1,1,1,1,20240616,20240630
775,1,1,1,1,1,1,1,20240616,20240630
776,1,1,1,1,1,1,1,20240616,20240630
777,1,1,1,1,1,1,1,20240616,20240630
778,1,1,1,1,1,1,1,20240616,20240630
779,1,1,1,1,1,1,1,20240616,20240630
780,1,1,1,1,1,1,1,20240616,20240630
781,1,1,1,1,1,1,1,20240616,20240630
782,1,1,1,1,1,1,1,20240616,20240630
783,1,1,1,1,1,1,1,20240616,20240630
784,1,1,1,1,1,1,1,20240616,20240630
785,1,1,1,1,1,1,1,20240616,20240630
786,1,1,1,1,1,1,1,20240616,20240630
787,1,1,1,1,1,1,1,20240616,20240630
788,1,1,1,1,1,1,1,20240616,20240630
789,1,1,1,1,1,1,1,20240616,20240630
790,1,1,1,1,1,1,1,20240616,20240630
791,1,1,1,1,1,1,1,20240616,20240630
792,1,1,1,1,1,1,1,20240616,20240630
793,1,1,1,1,1,1,1,20240616,20240630
794,1,1,1,1,1,1,1,20240616,20240630
795,1,1,1,1,1,1,1,20240616,20240630
796,1,1,1,1,1,1,1,20240616,20240630
797,1,1,1,1,1,1,1,20240616,20240630
798,1,1,1,1,1,1,1,20240616,20240630
799,1,1,1,1,1,1,1,20240616,20240630
800,1,1,1,1,1,1,1,20240616,20240630
801,1,1,1,1,1,1,1,20240616,20240630
802,1,1,1,1,1,1,1,20240616,20240630
803,1,1,1,1,1,1,1,20240616,20240630
804,1,1,1,1,1,1,1,20240616,20240630
805,1,1,1,1,1,1,1,20240616,20240630
806,1,1,1,1,1,1,1,20240616,20240630
807,1,1,1,1,1,1,1,20240616,20240630
808,1,1,1,1,1,1,1,20240616,20240630
809,1,1,1,1,1,1,1,20240616,20240630
810,1,1,1,1,1,1,1,20240616,20240630
811,1,1,1,1,1,1,1,20240616,20240630
812,1,1,1,1,1,1,1,20240616,20240630
813,1,1,1,1,1,1,1,20240616,20240630
814,1,1,1,1,1,1,1,20240616,20240630
815,1,1,1,1,1,1,1,20240616,20240630
816,1,1,1,1,1,1,1,20240616,20240630
817,1,1,1,1,1,1,1,20240616,20240630
818,1,1,1,1,1,1,1,20240616,20240630
819,1,1,1,1,1,1,1,20240616,20240630
820,1,1,1,1,1,1,1,20240616,20240630
821,1,1,1,1,1,1,1,20240616,20240630
822,1,1,1,1,1,1,1,20240616,20240630
823,1,1,1,1,1,1,1,20240616,20240630
824,1,1,1,1,1,1,1,20240616,20240630
825,1,1,1,1,1,1,1,20240616,20240630
826,1,1,1,1,1,1,1,20240616,20240630
827,1,1,1,1,1,1,1,20240616,20240630
828,1,1,1,1,1,1,1,20240616,20240630
829,1,1,1,1,1,1,1,20240616,20240630
830,1,1,1,1,1,1,1,20240616,20240630
831,1,1,1,1,1,1,1,20240616,20240630
832,1,1,1,1,1,1,1,20240616,20240630
833,1,1,1,1,1,1,1,20240616,20240630
834,1,1,1,1,1,1,1,20240616,20240630
835,1,1,1,1,1,1,1,20240616,20240630
836,1,1,1,1,1,1,1,20240616,20240630
837,1,1,1,1,1,1,1,20240616,20240630
838,1,1,1,1,1,1,1,20240616,20240630
839,1,1,1,1,1,1,1,20240616,20240630
840,1,1,1,1,1,1,1,20240616,20240630
841,1,1,1,1,1,1,1,20240616,20240630
842,1,1,1,1,1,1,1,20240616,20240630
843,1,1,1,1,1,1,1,20240616,20240630
844,1,1,1,1,1,1,1,20240616,20240630
845,1,1,1,1,1,1,1,20240616,20240630
846,1,1,1,1,1,1,1,20240616,20240630
847,1,1,1,1,1,1,1,20240616,20240630
848,1,1,1,1,1,1,1,20240616,20240630
849,1,1,1,1,1,1,1,20240616,20240630
850,1,1,1,1,1,1,1,20240616,20240630
851,1,1,1,1,1,1,1,20240616,20240630
852,1,1,1,1,1,1,1,20240616,20240630
853,1,1,1,1,1,1,1,20240616,20240630
854,1,1,1,1,1,1,1,20240616,20240630
855,1,1,1,1,1,1,1,20240616,20240630
856,1,1,1,1,1,1,1,20240616,20240630
857,1,1,1,1,1,1,1,20240616,20240630
858,1,1,1,1,1,1,1,20240616,20240630
859,1,1,1,1,1,1,1,20240616,20240630
860,1,1,1,1,1,1,1,20240616,20240630
861,1,1,1,1,1,1,1,20240616,20240630
862,1,1,1,1,1,1,1,20240616,20240630
863,1,1,1,1,1,1,1,20240616,20240630
864,1,1,1,1,1,1,1,20240616,20240630
865,1,1,1,1,1,1,1,20240616,20240630
866,1,1,1,1,1,1,1,20240616,20240630
867,1,1,1,1,1,1,1,20240616,20240630
868,1,1,1,1,1,1,1,20240616,20240630
869,1,1,1,1,1,1,1,20240616,20240630
870,1,1,1,1,1,1,1,20240616,20240630
871,1,1,1,1,1,1,1,20240616,20240630
872,1,1,1,1,1,1,1,20240616,20240630
873,1,1,1,1,1,1,1,20240616,20240630
874,1,1,1,1,1,1,1,20240616,20240630
875,1,1,1,1,1,1,1,20240616,20240630
876,1,1,1,1,1,1,1,20240616,20240630
877,1,1,1,1,1,1,1,20240616,20240630
878,1,1,1,1,1,1,1,20240616,20240630
879,1,1,1,1,1,1,1,20240616,20240630
880,1,1,1,1,1,1,1,20240616,20240630
881,1,1,1,1,1,1,1,20240616,20240630
882,1,1,1,1,1,1,1,20240616,20240630
883,1,1,1,1,1,1,1,20240616,20240630
884,1,1,1,1,1,1,1,20240616,20240630
885,1,1,1,1,1,1,1,20240616,20240630
886,1,1,1,1,1,1,1,20240616,20240630
887,1,1,1,1,1,1,1,20240616,20240630
888,1,1,1,1,1,1,1,20240616,20240630
889,1,1,1,1,1,1,1,20240616,20240630
890,1,1,1,1,1,1,1,20240616,20240630
891,1,1,1,1,1,1,1,20240616,20240630
892,1,1,1,1,1,1,1,20240616,20240630
893,1,1,1,1,1,1,1,20240616,20240630
894,1,1,1,1,1,1,1,20240616,20240630
895,1,1,1,1,1,1,1,20240616,20240630
896,1,1,1,1,1,1,1,20240616,20240630
897,1,1,1,1,1,1,1,20240616,20240630
898,1,1,1,1,1,1,1,20240616,20240630
899,1,1,1,1,1,1,1,20240616,20240630
900,1,1,1,1,1,1,1,20240616,20240630
901,1,1,1,1,1,1,1,20240616,20240630
902,1,1,1,1,1,1,1,20240616,20240630
903,1,1,1,1,1,1,1,20240616,20240630
904,1,1,1,1,1,1,1,20240616,20240630
905,1,1,1,1,1,1,1,20240616,20240630
906,1,1,1,1,1,1,1,20240616,20240630
907,1,1,1,1,1,1,1,20240616,20240630
908,1,1,1,1,1,1,1,20240616,20240630
909,1,1,1,1,1,1,1,20240616,20240630
910,1,1,1,1,1,1,1,20240616,20240630
911,1,1,1,1,1,1,1,20240616,20240630
912,1,1,1,1,1,1,1,20240616,20240630
913,1,1,1,1,1,1,1,20240616,20240630
914,1,1,1,1,1,1,1,20240616,20240630
915,1,1,1,1,1,1,1,20240616,20240630
916,1,1,1,1,1,1,1,20240616,20240630
917,1,1,1,1,1,1,1,20240616,20240630
918,1,1,1,1,1,1,1,20240616,20240630
919,1,1,1,1,1,1,1,20240616,20240630
920,1,1,1,1,1,1,1,20240616,20240630
921,1,1,1,1,1,1,1,20240616,20240630
922,1,1,1,1,1,1,1,20240616,20240630
923,1,1,1,1,1,1,1,20240616,20240630
924,1,1,1,1,1,1,1,20240616,20240630
925,1,1,1,1,1,1,1,20240616,20240630
926,1,1,1,1,1,1,1,20240616,20240630
927,1,1,1,1,1,1,1,20240616,20240630
928,1,1,1,1,1,1,1,20240616,20240630
929,1,1,1,1,1,1,1,20240616,20240630
930,1,1,1,1,1,1,1,20240616,20240630
931,1,1,1,1,1,1,1,20240616,20240630
932,1,1,1,1,1,1,1,20240616,20240630
933,1,1,1,1,1,1,1,20240616,20240630
934,1,1,1,1,1,1,1,20240616,20240630
935,1,1,1,1,1,1,1,20240616,20240630
936,1,1,1,1,1,1,1,20240616,20240630
937,1,1,1,1,1,1,1,20240616,20240630
938,1,1,1,1,1,1,1,20240616,20240630
939,1,1,1,1,1,1,1,20240616,20240630
940,1,1,1,1,1,1,1,20240616,20240630
941,1,1,1,1,1,1,1,20240616,20240630
942,1,1,1,1,1,1,1,20240616,20240630
943,1,1,1,1,1,1,1,20240616,20240630
944,1,1,1,1,1,1,1,20240616,20240630
945,1,1,1,1,1,1,1,20240616,20240630
946,1,1,1,1,1,1,1,20240616,20240630
947,1,1,1,1,1,1,1,20240616,20240630
948,1,1,1,1,1,1,1,20240616,20240630
949,1,1,1,1,1,1,1,20240616,20240630
950,1,1,1,1,1,1,1,20240616,20240630
951,1,1,1,1,1,1,1,20240616,20240630
952,1,1,1,1,1,1,1,20240616,20240630
953,1,1,1,1,1,1,1,20240616,20240630
954,1,1,1,1,1,1,1,20240616,20240630
955,1,1,1,1,1,1,1,20240616,20240630
956,1,1,1,1,1,1,1,20240616,20240630
957,1,1,1,1,1,1,1,20240616,20240630
958,1,1,1,1,1,1,1,20240616,20240630
959,1,1,1,1,1,1,1,20240616,20240630
960,1,1,1,1,1,1,1,20240616,20240630
961,1,1,1,1,1,1,1,20240616,20240630
962,1,1,1,1,1,1,1,20240616,20240630
963,1,1,1,1,1,1,1,20240616,20240630
964,1,1,1,1,1,1,1,20240616,20240630
965,1,1,1,1,1,1,1,20240616,20240630
966,1,1,1,1,1,1,1,20240616,20240630
967,1,1,1,1,1,1,1,20240616,20240630
968,1,1,1,1,1,1,1,20240616,20240630
969,1,1,1,1,1,1,1,20240616,20240630
970,1,1,1,1,1,1,1,20240616,20240630
971,1,1,1,1,1,1,1,20240616,20240630
972,1,1,1,1,1,1,1,20240616,20240630
973,1,1,1,1,1,1,1,20240616,20240630
974,1,1,1,1,1,1,1,20240616,20240630
975,1,1,1,1,1,1,1,20240616,20240630
976,1,1,1,1,1,1,1,20240616,20240630
977,1,1,1,1,1,1,1,20240616,20240630
978,1,1,1,1,1,1,1,20240616,20240630
979,1,1,1,1,1,1,1,20240616,20240630
980,1,1,1,1,1,1,1,20240616,20240630
981,1,1,1,1,1,1,1,20240616,20240630
982,1,1,1,1,1,1,1,20240616,20240630
983,1,1,1,1,1,1,1,20240616,20240630
984,1,1,1,1,1,1,1,20240616,20240630
985,1,1,1,1,1,1,1,20240616,20240630
986,1,1,1,1,1,1,1,20240616,20240630
987,1,1,1,1,1,1,1,20240616,20240630
988,1,1,1,1,1,1,1,20240616,20240630
989,1,1,1,1,1,1,1,20240616,20240630
990,1,1,1,1,1,1,1,20240616,20240630
991,1,1,1,1,1,1,1,20240616,20240630
992,1,1,1,1,1,1,1,20240616,20240630
993,1,1,1,1,1,1,1,20240616,20240630
994,1,1,1,1,1,1,1,20240616,20240630
995,1,1,1,1,1,1,1,20240616,20240630
996,1,1,1,1,1,1,1,20240616,20240630
997,1,1,1,1,1,1,1,20240616,20240630
998,1,1,1,1,1,1,1,20240616,20240630
999,1,1,1,1,1,1,1,20240616,20240630
1000,1,1,1,1,1,1,1,20240616,20240630
1001,1,1,1,1,1,1,1,20240616,20240630
1002,1,1,1,1,1,1,1,20240616,20240630
1003,1,1,1,1,1,1,1,20240616,20240630
1004,1,1,1,1,1,1,1,20240616,20240630
1005,1,1,1,1,1,1,1,20240616,20240630
1006,1,1,1,1,1,1,1,20240616,20240630
1007,1,1,1,1,1,1,1,20240616,20240630
1008,1,1,1,1,1,1,1,20240616,20240630
1009,1,1,1,1,1,1,1,20240616,20240630
1010,1,1,1,1,1,1,1,20240616,20240630
1011,1,1,1,1,1,1,1,20240616,20240630
1012,1,1,1,1,1,1,1,20240616,20240630
1013,1,1,1,1,1,1,1,20240616,20240630
1014,1,1,1,1,1,1,1,20240616,20240630
1015,1,1,1,1,1,1,1,20240616,20240630
1016,1,1,1,1,1,1,1,20240616,20240630
1017,1,1,1,1,1,1,1,20240616,20240630
1018,1,1,1,1,1,1,1,20240616,20240630
1019,1,1,1,1,1,1,1,20240616,20240630
1020,1,1,1,1,1,1,1,20240616,20240630
1021,1,1,1,1,1,1,1,20240616,20240630
1022,1,1,1,1,1,1,1,20240616,20240630
1023,1,1,1,1,1,1,1,20240616,20240630
1024,1,1,1,1,1,1,1,20240616,20240630
1025,1,1,1,1,1,1,1,20240616,20240630
1026,1,1,1,1,1,1,1,20240616,20240630
1027,1,1,1,1,1,1,1,20240616,20240630
1028,1,1,1,1,1,1,1,20240616,20240630
1029,1,1,1,1,1,1,1,20240616,20240630
1030,1,1,1,1,1,1,1,20240616,20240630
1031,1,1,1,1,1,1,1,20240616,20240630
1032,1,1,1,1,1,1,1,20240616,20240630
1033,1,1,1,1,1,1,1,20240616,20240630
1034,1,1,1,1,1,1,1,20240616,20240630
1035,1,1,1,1,1,1,1,20240616,20240630
1036,1,1,1,1,1,1,1,20240616,20240630
1037,1,1,1,1,1,1,1,20240616,20240630
1038,1,1,1,1,1,1,1,20240616,20240630
1039,1,1,1,1,1,1,1,20240616,20240630
1040,1,1,1,1,1,1,1,20240616,20240630
1041,1,1,1,1,1,1,1,20240616,20240630
1042,1,1,1,1,1,1,1,20240616,20240630
1043,1,1,1,1,1,1,1,20240616,20240630
1044,1,1,1,1,1,1,1,20240616,20240630
1045,1,1,1,1,1,1,1,20240616,20240630
1046,1,1,1,1,1,1,1,20240616,20240630
1047,1,1,1,1,1,1,1,20240616,20240630
1048,1,1,1,1,1,1,1,20240616,20240630
1049,1,1,1,1,1,1,1,20240616,20240630
1050,1,1,1,1,1,1,1,20240616,20240630
1051,1,1,1,1,1,1,1,20240616,20240630
1052,1,1,1,1,1,1,1,20240616,20240630
1053,1,1,1,1,1,1,1,20240616,20240630
1054,1,1,1,1,1,1,1,20240616,20240630
1055,1,1,1,1,1,1,1,20240616,20240630
1056,1,1,1,1,1,1,1,20240616,20240630
1057,1,1,1,1,1,1,1,20240616,20240630
1058,1,1,1,1,1,1,1,20240616,20240630
1059,1,1,1,1,1,1,1,20240616,20240630
1060,1,1,1,1,1,1,1,20240616,20240630
1061,1,1,1,1,1,1,1,20240616,20240630
1062,1,1,1,1,1,1,1,20240616,20240630
1063,1,1,1,1,1,1,1,20240616,20240630
1064,1,1,1,1,1,1,1,20240616,20240630
1065,1,1,1,1,1,1,1,20240616,20240630
1066,1,1,1,1,1,1,1,20240616,20240630
1067,1,1,1,1,1,1,1,20240616,20240630
1068,1,1,1,1,1,1,1,20240616,20240630
1069,1,1,1,1,1,1,1,20240616,20240630
1070,1,1,1,1,1,1,1,20240616,20240630
1071,1,1,1,1,1,1,1,20240616,20240630
1072,1,1,1,1,1,1,1,20240616,20240630
1073,1,1,1,1,1,1,1,20240616,20240630
1074,1,1,1,1,1,1,1,20240616,20240630
1075,1,1,1,1,1,1,1,20240616,20240630
1076,1,1,1,1,1,1,1,20240616,20240630
1077,1,1,1,1,1,1,1,20240616,20240630
1078,1,1,1,1,1,1,1,20240616,20240630
1079,1,1,1,1,1,1,1,20240616,20240630
1080,1,1,1,1,1,1,1,20240616,20240630
1081,1,1,1,1,1,1,1,20240616,20240630
1082,1,1,1,1,1,1,1,20240616,20240630
1083,1,1,1,1,1,1,1,20240616,20240630
1084,1,1,1,1,1,1,1,20240616,20240630
1085,1,1,1,1,1,1,1,20240616,20240630
1086,1,1,1,1,1,1,1,20240616,20240630
1087,1,1,1,1,1,1,1,20240616,20240630
1088,1,1,1,1,1,1,1,20240616,20240630
1089,1,1,1,1,1,1,1,20240616,20240630
1090,1,1,1,1,1,1,1,20240616,20240630
1091,1,1,1,1,1,1,1,20240616,20240630
1092,1,1,1,1,1,1,1,20240616,20240630
1093,1,1,1,1,1,1,1,20240616,20240630
1094,1,1,1,1,1,1,1,20240616,20240630
1095,1,1,1,1,1,1,1,20240616,20240630
1096,1,1,1,1,1,1,1,20240616,20240630
1097,1,1,1,1,1,1,1,20240616,20240630
1098,1,1,1,1,1,1,1,20240616,20240630
1099,1,1,1,1,1,1,1,20240616,20240630
1100,1,1,1,1,1,1,1,20240616,20240630
1101,1,1,1,1,1,1,1,20240616,20240630
1102,1,1,1,1,1,1,1,20240616,20240630
1103,1,1,1,1,1,1,1,20240616,20240630
1104,1,1,1,1,1,1,1,20240616,20240630
1105,1,1,1,1,1,1,1,20240616,20240630
1106,1,1,1,1,1,1,1,20240616,20240630
1107,1,1,1,1,1,1,1,20240616,20240630
1108,1,1,1,1,1,1,1,20240616,20240630
1109,1,1,1,1,1,1,1,20240616,20240630
1110,1,1,1,1,1,1,1,20240616,20240630
1111,1,1,1,1,1,1,1,20240616,20240630
1112,1,1,1,1,1,1,1,20240616,20240630
1113,1,1,1,1,1,1,1,20240616,20240630
1114,1,1,1,1,1,1,1,20240616,20240630
1115,1,1,1,1,1,1,1,20240616,20240630
1116,1,1,1,1,1,1,1,20240616,20240630
1117,1,1,1,1,1,1,1,20240616,20240630
1118,1,1,1,1,1,1,1,20240616,20240630
1119,1,1,1,1,1,1,1,20240616,20240630
1120,1,1,1,1,1,1,1,20240616,20240630
1121,1,1,1,1,1,1,1,20240616,20240630
1122,1,1,1,1,1,1,1,20240616,20240630
1123,1,1,1,1,1,1,1,20240616,20240630
1124,1,1,1,1,1,1,1,20240616,20240630
1125,1,1,1,1,1,1,1,20240616,20240630
1126,1,1,1,1,1,1,1,20240616,20240630
1127,1,1,1,1,1,1,1,20240616,20240630
1128,1,1,1,1,1,1,1,20240616,20240630
1129,1,1,1,1,1,1,1,20240616,20240630
1130,1,1,1,1,1,1,1,20240616,20240630
1131,1,1,1,1,1,1,1,20240616,20240630
1132,1,1,1,1,1,1,1,20240616,20240630
1133,1,1,1,1,1,1,1,20240616,20240630
1134,1,1,1,1,1,1,1,20240616,20240630
1135,1,1,1,1,1,1,1,20240616,20240630
1136,1,1,1,1,1,1,1,20240616,20240630
1137,1,1,1,1,1,1,1,20240616,20240630
1138,1,1,1,1,1,1,1,20240616,20240630
1139,1,1,1,1,1,1,1,20240616,20240630
1140,1,1,1,1,1,1,1,20240616,20240630
1141,1,1,1,1,1,1,1,20240616,20240630
1142,1,1,1,1,1,1,1,20240616,20240630
1143,1,1,1,1,1,1,1,20240616,20240630
1144,1,1,1,1,1,1,1,20240616,20240630
1145,1,1,1,1,1,1,1,20240616,20240630
1146,1,1,1,1,1,1,1,20240616,20240630
1147,1,1,1,1,1,1,1,20240616,20240630
1148,1,1,1,1,1,1,1,20240616,20240630
1149,1,1,1,1,1,1,1,20240616,20240630
1150,1,1,1,1,1,1,1,20240616,20240630
1151,1,1,1,1,1,1,1,20240616,20240630
1152,1,1,1,1,1,1,1,20240616,20240630
1153,1,1,1,1,1,1,1,20240616,20240630
1154,1,1,1,1,1,1,1,20240616,20240630
1155,1,1,1,1,1,1,1,20240616,20240630
1156,1,1,1,1,1,1,1,20240616,20240630
1157,1,1,1,1,1,1,1,20240616,20240630
1158,1,1,1,1,1,1,1,20240616,20240630
1159,1,1,1,1,1,1,1,20240616,20240630
1160,1,1,1,1,1,1,1,20240616,20240630
1161,1,1,1,1,1,1,1,20240616,20240630
1162,1,1,1,1,1,1,1,20240616,20240630
1163,1,1,1,1,1,1,1,20240616,20240630
1164,1,1,1,1,1,1,1,20240616,20240630
1165,1,1,1,1,1,1,1,20240616,20240630
1166,1,1,1,1,1,1,1,20240616,20240630
1167,1,1,1,1,1,1,1,20240616,20240630
1168,1,1,1,1,1,1,1,20240616,20240630
1169,1,1,1,1,1,1,1,20240616,20240630
1170,1,1,1,1,1,1,1,20240616,20240630
1171,1,1,1,1,1,1,1,20240616,20240630
1172,1,1,1,1,1,1,1,20240616,20240630
1173,1,1,1,1,1,1,1,20240616,20240630
1174,1,1,1,1,1,1,1,20240616,20240630
1175,1,1,1,1,1,1,1,20240616,20240630
1176,1,1,1,1,1,1,1,20240616,20240630
1177,1,1,1,1,1,1,1,20240616,20240630
1178,1,1,1,1,1,1,1,20240616,20240630
1179,1,1,1,1,1,1,1,20240616,20240630
1180,1,1,1,1,1,1,1,20240616,20240630
1181,1,1,1,1,1,1,1,20240616,20240630
1182,1,1,1,1,1,1,1,20240616,20240630
1183,1,1,1,1,1,1,1,20240616,20240630
1184,1,1,1,1,1,1,1,20240616,20240630
1185,1,1,1,1,1,1,1,20240616,20240630
1186,1,1,1,1,1,1,1,20240616,20240630
1187,1,1,1,1,1,1,1,20240616,20240630
1188,1,1,1,1,1,1,1,20240616,20240630
1189,1,1,1,1,1,1,1,20240616,20240630
1190,1,1,1,1,1,1,1,20240616,20240630
1191,1,1,1,1,1,1,1,20240616,20240630
1192,1,1,1,1,1,1,1,20240616,20240630
1193,1,1,1,1,1,1,1,20240616,20240630
1194,1,1,1,1,1,1,1,20240616,20240630
1195,1,1,1,1,1,1,1,20240616,20240630
1196,1,1,1,1,1,1,1,20240616,20240630
1197,1,1,1,1,1,1,1,20240616,20240630
1198,1,1,1,1,1,1,1,20240616,20240630
1199,1,1,1,1,1,1,1,20240616,20240630
1200,1,1,1,1,1,1,1,20240616,20240630
1201,1,1,1,1,1,1,1,20240616,20240630
1202,1,1,1,1,1,1,1,20240616,20240630
1203,1,1,1,1,1,1,1,20240616,20240630
1204,1,1,1,1,1,1,1,20240616,20240630
1205,1,1,1,1,1,1,1,20240616,20240630
1206,1,1,1,1,1,1,1,20240616,20240630
1207,1,1,1,1,1,1,1,20240616,20240630
1208,1,1,1,1,1,1,1,20240616,20240630
1209,1,1,1,1,1,1,1,20240616,20240630
1210,1,1,1,1,1,1,1,20240616,20240630
1211,1,1,1,1,1,1,1,20240616,20240630
1212,1,1,1,1,1,1,1,20240616,20240630
1213,1,1,1,1,1,1,1,20240616,20240630
1214,1,1,1,1,1,1,1,20240616,20240630
1215,1,1,1,1,1,1,1,20240616,20240630
1216,1,1,1,1,1,1,1,20240616,20240630
1217,1,1,1,1,1,1,1,20240616,20240630
1218,1,1,1,1,1,1,1,20240616,20240630
1219,1,1,1,1,1,1,1,20240616,20240630
1220,1,1,1,1,1,1,1,20240616,20240630
1221,1,1,1,1,1,1,1,20240616,20240630
1222,1,1,1,1,1,1,1,20240616,20240630
1223,1,1,1,1,1,1,1,20240616,20240630
1224,1,1,1,1,1,1,1,20240616,20240630
1225,1,1,1,1,1,1,1,20240616,20240630
1226,1,1,1,1,1,1,1,20240616,20240630
1227,1,1,1,1,1,1,1,20240616,20240630
1228,1,1,1,1,1,1,1,20240616,20240630
1229,1,1,1,1,1,1,1,20240616,20240630
1230,1,1,1,1,1,1,1,20240616,20240630
1231,1,1,1,1,1,1,1,20240616,20240630
1232,1,1,1,1,1,1,1,20240616,20240630
1233,1,1,1,1,1,1,1,20240616,20240630
1234,1,1,1,1,1,1,1,20240616,20240630
1235,1,1,1,1,1,1,1,20240616,20240630
1236,1,1,1,1,1,1,1,20240616,20240630
1237,1,1,1,1,1,1,1,20240616,20240630
1238,1,1,1,1,1,1,1,20240616,20240630
1239,1,1,1,1,1,1,1,20240616,20240630
1240,1,1,1,1,1,1,1,20240616,20240630
1241,1,1,1,1,1,1,1,20240616,20240630
1242,1,1,1,1,1,1,1,20240616,20240630
1243,1,1,1,1,1,1,1,20240616,20240630
1244,1,1,1,1,1,1,1,20240616,20240630
1245,1,1,1,1,1,1,1,20240616,20240630
1246,1,1,1,1,1,1,1,20240616,20240630
1247,1,1,1,1,1,1,1,20240616,20240630
1248,1,1,1,1,1,1,1,20240616,20240630
1249,1,1,1,1,1,1,1,20240616,20240630
1250,1,1,1,1,1,1,1,20240616,20240630
1251,1,1,1,1,1,1,1,20240616,20240630
1252,1,1,1,1,1,1,1,20240616,20240630
1253,1,1,1,1,1,1,1,20240616,20240630
1254,1,1,1,1,1,1,1,20240616,20240630
1255,1,1,1,1,1,1,1,20240616,20240630
1256,1,1,1,1,1,1,1,20240616,20240630
1257,1,1,1,1,1,1,1,20240616,20240630
1258,1,1,1,1,1,1,1,20240616,20240630
1259,1,1,1,1,1,1,1,20240616,20240630
1260,1,1,1,1,1,1,1,20240616,20240630
1261,1,1,1,1,1,1,1,20240616,20240630
1262,1,1,1,1,1,1,1,20240616,20240630
1263,1,1,1,1,1,1,1,20240616,20240630
1264,1,1,1,1,1,1,1,20240616,20240630
1265,1,1,1,1,1,1,1,20240616,20240630
1266,1,1,1,1,1,1,1,20240616,20240630
1267,1,1,1,1,1,1,1,20240616,20240630
1268,1,1,1,1,1,1,1,20240616,20240630
1269,1,1,1,1,1,1,1,20240616,20240630
1270,1,1,1,1,1,1,1,20240616,20240630
1271,1,1,1,1,1,1,1,20240616,20240630
1272,1,1,1,1,1,1,1,20240616,20240630
1273,1,1,1,1,1,1,1,20240616,20240630
1274,1,1,1,1,1,1,1,20240616,20240630
1275,1,1,1,1,1,1,1,20240616,20240630
1276,1,1,1,1,1,1,1,20240616,20240630
1277,1,1,1,1,1,1,1,20240616,20240630
1278,1,1,1,1,1,1,1,20240616,20240630
1279,1,1,1,1,1,1,1,20240616,20240630
1280,1,1,1,1,1,1,1,20240616,20240630
1281,1,1,1,1,1,1,1,20240616,20240630
1282,1,1,1,1,1,1,1,20240616,20240630
1283,1,1,1,1,1,1,1,20240616,20240630
1284,1,1,1,1,1,1,1,20240616,20240630
1285,1,1,1,1,1,1,1,20240616,20240630
1286,1,1,1,1,1,1,1,20240616,20240630
1287,1,1,1,1,1,1,1,20240616,20240630
1288,1,1,1,1,1,1,1,20240616,20240630
1289,1,1,1,1,1,1,1,20240616,20240630
1290,1,1,1,1,1,1,1,20240616,20240630
1291,1,1,1,1,1,1,1,20240616,20240630
1292,1,1,1,1,1,1,1,20240616,20240630
1293,1,1,1,1,1,1,1,20240616,20240630
1294,1,1,1,1,1,1,1,20240616,20240630
1295,1,1,1,1,1,1,1,20240616,20240630
1296,1,1,1,1,1,1,1,20240616,20240630
1297,1,1,1,1,1,1,1,20240616,20240630
1298,1,1,1,1,1,1,1,20240616,20240630
1299,1,1,1,1,1,1,1,20240616,20240630
1300,1,1,1,1,1,1,1,20240616,20240630
1301,1,1,1,1,1,1,1,20240616,20240630
1302,1,1,1,1,1,1,1,20240616,20240630
1303,1,1,1,1,1,1,1,20240616,20240630
1304,1,1,1,1,1,1,1,20240616,20240630
1305,1,1,1,1,1,1,1,20240616,20240630
1306,1,1,1,1,1,1,1,20240616,20240630
1307,1,1,1,1,1,1,1,20240616,20240630
1308,1,1,1,1,1,1,1,20240616,20240630
1309,1,1,1,1,1,1,1,20240616,20240630
1310,1,1,1,1,1,1,1,20240616,20240630
1311,1,1,1,1,1,1,1,20240616,20240630
1312,1,1,1,1,1,1,1,20240616,20240630
1313,1,1,1,1,1,1,1,20240616,20240630
1314,1,1,1,1,1,1,1,20240616,20240630
1315,1,1,1,1,1,1,1,20240616,20240630
1316,1,1,1,1,1,1,1,20240616,20240630
1317,1,1,1,1,1,1,1,20240616,20240630
1318,1,1,1,1,1,1,1,20240616,20240630
1319,1,1,1,1,1,1,1,20240616,20240630
1320,1,1,1,1,1,1,1,20240616,20240630
1321,1,1,1,1,1,1,1,20240616,20240630
1322,1,1,1,1,1,1,1,20240616,20240630
1323,1,1,1,1,1,1,1,20240616,20240630
1324,1,1,1,1,1,1,1,20240616,20240630
1325,1,1,1,1,1,1,1,20240616,20240630
1326,1,1,1,1,1,1,1,20240616,20240630
1327,1,1,1,1,1,1,1,20240616,20240630
1328,1,1,1,1,1,1,1,20240616,20240630
1329,1,1,1,1,1,1,1,20240616,20240630
1330,1,1,1,1,1,1,1,20240616,20240630
1331,1,1,1,1,1,1,1,20240616,20240630
1332,1,1,1,1,1,1,1,20240616,20240630
1333,1,1,1,1,1,1,1,20240616,20240630
1334,1,1,1,1,1,1,1,20240616,20240630
1335,1,1,1,1,1,1,1,20240616,20240630
1336,1,1,1,1,1,1,1,20240616,20240630
1337,1,1,1,1,1,1,1,20240616,20240630
1338,1,1,1,1,1,1,1,20240616,20240630
1339,1,1,1,1,1,1,1,20240616,20240630
1340,1,1,1,1,1,1,1,20240616,20240630
1341,1,1,1,1,1,1,1,20240616,20240630
1342,1,1,1,1,1,1,1,20240616,20240630
1343,1,1,1,1,1,1,1,20240616,20240630
1344,1,1,1,1,1,1,1,20240616,20240630
1345,1,1,1,1,1,1,1,20240616,20240630
1346,1,1,1,1,1,1,1,20240616,20240630
1347,1,1,1,1,1,1,1,20240616,20240630
1348,1,1,1,1,1,1,1,20240616,20240630
1349,1,1,1,1,1,1,1,20240616,20240630
1350,1,1,1,1,1,1,1,20240616,20240630
1351,1,1,1,1,1,1,1,20240616,20240630
1352,1,1,1,1,1,1,1,20240616,20240630
1353,1,1,1,1,1,1,1,20240616,20240630
1354,1,1,1,1,1,1,1,20240616,20240630
1355,1,1,1,1,1,1,1,20240616,20240630
1356,1,1,1,1,1,1,1,20240616,20240630
1357,1,1,1,1,1,1,1,20240616,20240630
1358,1,1,1,1,1,1,1,20240616,20240630
1359,1,1,1,1,1,1,1,20240616,20240630
1360,1,1,1,1,1,1,1,20240616,20240630
1361,1,1,1,1,1,1,1,20240616,20240630
1362,1,1,1,1,1,1,1,20240616,20240630
1363,1,1,1,1,1,1,1,20240616,20240630
1364,1,1,1,1,1,1,1,20240616,20240630
1365,1,1,1,1,1,1,1,20240616,20240630
1366,1,1,1,1,1,1,1,20240616,20240630
1367,1,1,1,1,1,1,1,20240616,20240630
1368,1,1,1,1,1,1,1,20240616,20240630
1369,1,1,1,1,1,1,1,20240616,20240630
1370,1,1,1,1,1,1,1,20240616,20240630
1371,1,1,1,1,1,1,1,20240616,20240630
1372,1,1,1,1,1,1,1,20240616,20240630
1373,1,1,1,1,1,1,1,20240616,20240630
1374,1,1,1,1,1,1,1,20240616,20240630
1375,1,1,1,1,1,1,1,20240616,20240630
1376,1,1,1,1,1,1,1,20240616,20240630
1377,1,1,1,1,1,1,1,20240616,20240630
1378,1,1,1,1,1,1,1,20240616,20240630
1379,1,1,1,1,1,1,1,20240616,20240630
1380,1,1,1,1,1,1,1,20240616,20240630
1381,1,1,1,1,1,1,1,20240616,20240630
1382,1,1,1,1,1,1,1,20240616,20240630
1383,1,1,1,1,1,1,1,20240616,20240630
1384,1,1,1,1,1,1,1,20240616,20240630
1385,1,1,1,1,1,1,1,20240616,20240630
1386,1,1,1,1,1,1,1,20240616,20240630
1387,1,1,1,1,1,1,1,20240616,20240630
1388,1,1,1,1,1,1,1,20240616,20240630
1389,1,1,1,1,1,1,1,20240616,20240630
1390,1,1,1,1,1,1,1,20240616,20240630
1391,1,1,1,1,1,1,1,20240616,20240630
1392,1,1,1,1,1,1,1,20240616,20240630
1393,1,1,1,1,1,1,1,20240616,20240630
1394,1,1,1,1,1,1,1,20240616,20240630
1395,1,1,1,1,1,1,1,20240616,20240630
1396,1,1,1,1,1,1,1,20240616,20240630
1397,1,1,1,1,1,1,1,20240616,20240630
1398,1,1,1,1,1,1,1,20240616,20240630
1399,1,1,1,1,1,1,1,20240616,20240630
1400,1,1,1,1,1,1,1,20240616,20240630
1401,1,1,1,1,1,1,1,20240616,20240630
1402,1,1,1,1,1,1,1,20240616,20240630
1403,1,1,1,1,1,1,1,20240616,20240630
1404,1,1,1,1,1,1,1,20240616,20240630
1405,1,1,1,1,1,1,1,20240616,20240630
1406,1,1,1,1,1,1,1,20240616,20240630
1407,1,1,1,1,1,1,1,20240616,20240630
1408,1,1,1,1,1,1,1,20240616,20240630
1409,1,1,1,1,1,1,1,20240616,20240630
1410,1,1,1,1,1,1,1,20240616,20240630
1411,1,1,1,1,1,1,1,20240616,20240630
1412,1,1,1,1,1,1,1,20240616,20240630
1413,1,1,1,1,1,1,1,20240616,20240630
1414,1,1,1,1,1,1,1,20240616,20240630
1415,1,1,1,1,1,1,1,20240616,20240630
1416,1,1,1,1,1,1,1,20240616,20240630
1417,1,1,1,1,1,1,1,20240616,20240630
1418,1,1,1,1,1,1,1,20240616,20240630
1419,1,1,1,1,1,1,1,20240616,20240630
1420,1,1,1,1,1,1,1,20240616,20240630
1421,1,1,1,1,1,1,1,20240616,20240630
1422,1,1,1,1,1,1,1,20240616,20240630
1423,1,1,1,1,1,1,1,20240616,20240630
1424,1,1,1,1,1,1,1,20240616,20240630
1425,1,1,1,1,1,1,1,20240616,20240630
1426,1,1,1,1,1,1,1,20240616,20240630
1427,1,1,1,1,1,1,1,20240616,20240630
1428,1,1,1,1,1,1,1,20240616,20240630
1429,1,1,1,1,1,1,1,20240616,20240630
1430,1,1,1,1,1,1,1,20240616,20240630
1431,1,1,1,1,1,1,1,20240616,20240630
1432,1,1,1,1,1,1,1,20240616,20240630
1433,1,1,1,1,1,1,1,20240616,20240630
1434,1,1,1,1,1,1,1,20240616,20240630
1435,1,1,1,1,1,1,1,20240616,20240630
1436,1,1,1,1,1,1,1,20240616,20240630
1437,1,1,1,1,1,1,1,20240616,20240630
1438,1,1,1,1,1,1,1,20240616,20240630
1439,1,1,1,1,1,1,1,20240616,20240630
1440,1,1,1,1,1,1,1,20240616,20240630
1441,1,1,1,1,1,1,1,20240616,20240630
1442,1,1,1,1,1,1,1,20240616,20240630
1443,1,1,1,1,1,1,1,20240616,20240630
1444,1,1,1,1,1,1,1,20240616,20240630
1445,1,1,1,1,1,1,1,20240616,20240630
1446,1,1,1,1,1,1,1,20240616,20240630
1447,1,1,1,1,1,1,1,20240616,20240630
1448,1,1,1,1,1,1,1,20240616,20240630
1449,1,1,1,1,1,1,1,20240616,20240630
1450,1,1,1,1,1,1,1,20240616,20240630
1451,1,1,1,1,1,1,1,20240616,20240630
1452,1,1,1,1,1,1,1,20240616,20240630
1453,1,1,1,1,1,1,1,20240616,20240630
1454,1,1,1,1,1,1,1,20240616,20240630
1455,1,1,1,1,1,1,1,20240616,20240630
1456,1,1,1,1,1,1,1,20240616,20240630
1457,1,1,1,1,1,1,1,20240616,20240630
1458,1,1,1,1,1,1,1,20240616,20240630
1459,1,1,1,1,1,1,1,20240616,20240630
1460,1,1,1,1,1,1,1,20240616,20240630
1461,1,1,1,1,1,1,1,20240616,20240630
1462,1,1,1,1,1,1,1,20240616,20240630
1463,1,1,1,1,1,1,1,20240616,20240630
1464,1,1,1,1,1,1,1,20240616,20240630
1465,1,1,1,1,1,1,1,20240616,20240630
1466,1,1,1,1,1,1,1,20240616,20240630
1467,1,1,1,1,1,1,1,20240616,20240630
1468,1,1,1,1,1,1,1,20240616,20240630
1469,1,1,1,1,1,1,1,20240616,20240630
1470,1,1,1,1,1,1,1,20240616,20240630
1471,1,1,1,1,1,1,1,20240616,20240630
1472,1,1,1,1,1,1,1,20240616,20240630
1473,1,1,1,1,1,1,1,20240616,20240630
1474,1,1,1,1,1,1,1,20240616,20240630
1475,1,1,1,1,1,1,1,20240616,20240630
1476,1,1,1,1,1,1,1,20240616,20240630
1477,1,1,1,1,1,1,1,20240616,20240630
1478,1,1,1,1,1,1,1,20240616,20240630
1479,1,1,1,1,1,1,1,20240616,20240630
1480,1,1,1,1,1,1,1,20240616,20240630
1481,1,1,1,1,1,1,1,20240616,20240630
1482,1,1,1,1,1,1,1,20240616,20240630
1483,1,1,1,1,1,1,1,20240616,20240630
1484,1,1,1,1,1,1,1,20240616,20240630
1485,1,1,1,1,1,1,1,20240616,20240630
1486,1,1,1,1,1,1,1,20240616,20240630
1487,1,1,1,1,1,1,1,20240616,20240630
1488,1,1,1,1,1,1,1,20240616,20240630
1489,1,1,1,1,1,1,1,20240616,20240630
1490,1,1,1,1,1,1,1,20240616,20240630
1491,1,1,1,1,1,1,1,20240616,20240630
1492,1,1,1,1,1,1,1,20240616,20240630
1493,1,1,1,1,1,1,1,20240616,20240630
1494,1,1,1,1,1,1,1,20240616,20240630
1495,1,1,1,1,1,1,1,20240616,20240630
1496,1,1,1,1,1,1,1,20240616,20240630
1497,1,1,1,1,1,1,1,20240616,20240630
1498,1,1,1,1,1,1,1,20240616,20240630
1499,1,1,1,1,1,1,1,20240616,20240630
1500,1,1,1,1,1,1,1,20240616,20240630
1501,1,1,1,1,1,1,1,20240616,20240630
1502,1,1,1,1,1,1,1,20240616,20240630
1503,1,1,1,1,1,1,1,20240616,20240630
1504,1,1,1,1,1,1,1,20240616,20240630
1505,1,1,1,1,1,1,1,20240616,20240630
1506,1,1,1,1,1,1,1,20240616,20240630
1507,1,1,1,1,1,1,1,20240616,20240630
1508,1,1,1,1,1,1,1,20240616,20240630
1509,1,1,1,1,1,1,1,20240616,20240630
1510,1,1,1,1,1,1,1,20240616,20240630
1511,1,1,1,1,1,1,1,20240616,20240630
1512,1,1,1,1,1,1,1,20240616,20240630
1513,1,1,1,1,1,1,1,20240616,20240630
1514,1,1,1,1,1,1,1,20240616,20240630
1515,1,1,1,1,1,1,1,20240616,20240630
1516,1,1,1,1,1,1,1,20240616,20240630
1517,1,1,1,1,1,1,1,20240616,20240630
1518,1,1,1,1,1,1,1,20240616,20240630
1519,1,1,1,1,1,1,1,20240616,20240630
1520,1,1,1,1,1,1,1,20240616,20240630
1521,1,1,1,1,1,1,1,20240616,20240630
1522,1,1,1,1,1,1,1,20240616,20240630
1523,1,1,1,1,1,1,1,20240616,20240630
1524,1,1,1,1,1,1,1,20240616,20240630
1525,1,1,1,1,1,1,1,20240616,20240630
1526,1,1,1,1,1,1,1,20240616,20240630
1527,1,1,1,1,1,1,1,20240616,20240630
1528,1,1,1,1,1,1,1,20240616,20240630
1529,1,1,1,1,1,1,1,20240616,20240630
1530,1,1,1,1,1,1,1,20240616,20240630
1531,1,1,1,1,1,1,1,20240616,20240630
1532,1,1,1,1,1,1,1,20240616,20240630
1533,1,1,1,1,1,1,1,20240616,20240630
1534,1,1,1,1,1,1,1,20240616,20240630
1535,1,1,1,1,1,1,1,20240616,20240630
1536,1,1,1,1,1,1,1,20240616,20240630
1537,1,1,1,1,1,1,1,20240616,20240630
1538,1,1,1,1,1,1,1,20240616,20240630
1539,1,1,1,1,1,1,1,20240616,20240630
1540,1,1,1,1,1,1,1,20240616,20240630
1541,1,1,1,1,1,1,1,20240616,20240630
1542,1,1,1,1,1,1,1,20240616,20240630
1543,1,1,1,1,1,1,1,20240616,20240630
1544,1,1,1,1,1,1,1,20240616,20240630
1545,1,1,1,1,1,1,1,20240616,20240630
1546,1,1,1,1,1,1,1,20240616,20240630
1547,1,1,1,1,1,1,1,20240616,20240630
1548,1,1,1,1,1,1,1,20240616,20240630
1549,1,1,1,1,1,1,1,20240616,20240630
1550,1,1,1,1,1,1,1,20240616,20240630
1551,1,1,1,1,1,1,1,20240616,20240630
1552,1,1,1,1,1,1,1,20240616,20240630
1553,1,1,1,1,1,1,1,20240616,20240630
1554,1,1,1,1,1,1,1,20240616,20240630
1555,1,1,1,1,1,1,1,20240616,20240630
1556,1,1,1,1,1,1,1,20240616,20240630
1557,1,1,1,1,1,1,1,20240616,20240630
1558,1,1,1,1,1,1,1,20240616,20240630
1559,1,1,1,1,1,1,1,20240616,20240630
1560,1,1,1,1,1,1,1,20240616,20240630
1561,1,1,1,1,1,1,1,20240616,20240630
1562,1,1,1,1,1,1,1,20240616,20240630
1563,1,1,1,1,1,1,1,20240616,20240630
1564,1,1,1,1,1,1,1,20240616,20240630
1565,1,1,1,1,1,1,1,20240616,20240630
1566,1,1,1,1,1,1,1,20240616,20240630
1567,1,1,1,1,1,1,1,20240616,20240630
1568,1,1,1,1,1,1,1,20240616,20240630
1569,1,1,1,1,1,1,1,20240616,20240630
1570,1,1,1,1,1,1,1,20240616,20240630
1571,1,1,1,1,1,1,1,20240616,20240630
1572,1,1,1,1,1,1,1,20240616,20240630
1573,1,1,1,1,1,1,1,20240616,20240630
1574,1,1,1,1,1,1,1,20240616,20240630
1575,1,1,1,1,1,1,1,20240616,20240630
1576,1,1,1,1,1,1,1,20240616,20240630
1577,1,1,1,1,1,1,1,20240616,20240630
1578,1,1,1,1,1,1,1,20240616,20240630
1579,1,1,1,1,1,1,1,20240616,20240630
1580,1,1,1,1,1,1,1,20240616,20240630
1581,1,1,1,1,1,1,1,20240616,20240630
1582,1,1,1,1,1,1,1,20240616,20240630
1583,1,1,1,1,1,1,1,20240616,20240630
1584,1,1,1,1,1,1,1,20240616,20240630
1585,1,1,1,1,1,1,1,20240616,20240630
1586,1,1,1,1,1,1,1,20240616,20240630
1587,1,1,1,1,1,1,1,20240616,20240630
1588,1,1,1,1,1,1,1,20240616,20240630
1589,1,1,1,1,1,1,1,20240616,20240630
1590,1,1,1,1,1,1,1,20240616,20240630
1591,1,1,1,1,1,1,1,20240616,20240630
1592,1,1,1,1,1,1,1,20240616,20240630
1593,1,1,1,1,1,1,1,20240616,20240630
1594,1,1,1,1,1,1,1,20240616,20240630
1595,1,1,1,1,1,1,1,20240616,20240630
1596,1,1,1,1,1,1,1,20240616,20240630
1597,1,1,1,1,1,1,1,20240616,20240630
1598,1,1,1,1,1,1,1,20240616,20240630
1599,1,1,1,1,1,1,1,20240616,20240630
1600,1,1,1,1,1,1,1,20240616,20240630
1601,1,1,1,1,1,1,1,20240616,20240630
1602,1,1,1,1,1,1,1,20240616,20240630
1603,1,1,1,1,1,1,1,20240616,20240630
1604,1,1,1,1,1,1,1,20240616,20240630
1605,1,1,1,1,1,1,1,20240616,20240630
1606,1,1,1,1,1,1,1,20240616,20240630
1607,1,1,1,1,1,1,1,20240616,20240630
1608,1,1,1,1,1,1,1,20240616,20240630
1609,1,1,1,1,1,1,1,20240616,20240630
1610,1,1,1,1,1,1,1,20240616,20240630
1611,1,1,1,1,1,1,1,20240616,20240630
1612,1,1,1,1,1,1,1,20240616,20240630
1613,1,1,1,1,1,1,1,20240616,20240630
1614,1,1,1,1,1,1,1,20240616,20240630
1615,1,1,1,1,1,1,1,20240616,20240630
1616,1,1,1,1,1,1,1,20240616,20240630
1617,1,1,1,1,1,1,1,20240616,20240630
1618,1,1,1,1,1,1,1,20240616,20240630
1619,1,1,1,1,1,1,1,20240616,20240630
1620,1,1,1,1,1,1,1,20240616,20240630
1621,1,1,1,1,1,1,1,20240616,20240630
1622,1,1,1,1,1,1,1,20240616,20240630
1623,1,1,1,1,1,1,1,20240616,20240630
1624,1,1,1,1,1,1,1,20240616,20240630
1625,1,1,1,1,1,1,1,20240616,20240630
1626,1,1,1,1,1,1,1,20240616,20240630
1627,1,1,1,1,1,1,1,20240616,20240630
1628,1,1,1,1,1,1,1,20240616,20240630
1629,1,1,1,1,1,1,1,20240616,20240630
1630,1,1,1,1,1,1,1,20240616,20240630
1631,1,1,1,1,1,1,1,20240616,20240630
1632,1,1,1,1,1,1,1,20240616,20240630
1633,1,1,1,1,1,1,1,20240616,20240630
1634,1,1,1,1,1,1,1,20240616,20240630
1635,1,1,1,1,1,1,1,20240616,20240630
1636,1,1,1,1,1,1,1,20240616,20240630
1637,1,1,1,1,1,1,1,20240616,20240630
1638,1,1,1,1,1,1,1,20240616,20240630
1639,1,1,1,1,1,1,1,20240616,20240630
1640,1,1,1,1,1,1,1,20240616,20240630
1641,1,1,1,1,1,1,1,20240616,20240630
1642,1,1,1,1,1,1,1,20240616,20240630
1643,1,1,1,1,1,1,1,20240616,20240630
1644,1,1,1,1,1,1,1,20240616,20240630
1645,1,1,1,1,1,1,1,20240616,20240630
1646,1,1,1,1,1,1,1,20240616,20240630
1647,1,1,1,1,1,1,1,20240616,20240630
1648,1,1,1,1,1,1,1,20240616,20240630
1649,1,1,1,1,1,1,1,20240616,20240630
1650,1,1,1,1,1,1,1,20240616,20240630
1651,1,1,1,1,1,1,1,20240616,20240630
1652,1,1,1,1,1,1,1,20240616,20240630
1653,1,1,1,1,1,1,1,20240616,20240630
1654,1,1,1,1,1,1,1,20240616,20240630
1655,1,1,1,1,1,1,1,20240616,20240630
1656,1,1,1,1,1,1,1,20240616,20240630
1657,1,1,1,1,1,1,1,20240616,20240630
1658,1,1,1,1,1,1,1,20240616,20240630
1659,1,1,1,1,1,1,1,20240616,20240630
1660,1,1,1,1,1,1,1,20240616,20240630
1661,1,1,1,1,1,1,1,20240616,20240630
1662,1,1,1,1,1,1,1,20240616,20240630
1663,1,1,1,1,1,1,1,20240616,20240630
1664,1,1,1,1,1,1,1,20240616,20240630
1665,1,1,1,1,1,1,1,20240616,20240630
1666,1,1,1,1,1,1,1,20240616,20240630
1667,1,1,1,1,1,1,1,20240616,20240630
1668,1,1,1,1,1,1,1,20240616,20240630
1669,1,1,1,1,1,1,1,20240616,20240630
1670,1,1,1,1,1,1,1,20240616,20240630
1671,1,1,1,1,1,1,1,20240616,20240630
1672,1,1,1,1,1,1,1,20240616,20240630
1673,1,1,1,1,1,1,1,20240616,20240630
1674,1,1,1,1,1,1,1,20240616,20240630
1675,1,1,1,1,1,1,1,20240616,20240630
1676,1,1,1,1,1,1,1,20240616,20240630
1677,1,1,1,1,1,1,1,20240616,20240630
1678,1,1,1,1,1,1,1,20240616,20240630
1679,1,1,1,1,1,1,1,20240616,20240630
1680,1,1,1,1,1,1,1,20240616,20240630
1681,1,1,1,1,1,1,1,20240616,20240630
1682,1,1,1,1,1,1,1,20240616,20240630
1683,1,1,1,1,1,1,1,20240616,20240630
1684,1,1,1,1,1,1,1,20240616,20240630
1685,1,1,1,1,1,1,1,20240616,20240630
1686,1,1,1,1,1,1,1,20240616,20240630
1687,1,1,1,1,1,1,1,20240616,20240630
1688,1,1,1,1,1,1,1,20240616,20240630
1689,1,1,1,1,1,1,1,20240616,20240630
1690,1,1,1,1,1,1,1,20240616,20240630
1691,1,1,1,1,1,1,1,20240616,20240630
1692,1,1,1,1,1,1,1,20240616,20240630
1693,1,1,1,1,1,1,1,20240616,20240630
1694,1,1,1,1,1,1,1,20240616,20240630
1695,1,1,1,1,1,1,1,20240616,20240630
1696,1,1,1,1,1,1,1,20240616,20240630
1697,1,1,1,1,1,1,1,20240616,20240630
1698,1,1,1,1,1,1,1,20240616,20240630
1699,1,1,1,1,1,1,1,20240616,20240630
1700,1,1,1,1,1,1,1,20240616,20240630
1701,1,1,1,1,1,1,1,20240616,20240630
1702,1,1,1,1,1,1,1,20240616,20240630
1703,1,1,1,1,1,1,1,20240616,20240630
1704,1,1,1,1,1,1,1,20240616,20240630
1705,1,1,1,1,1,1,1,20240616,20240630
1706,1,1,1,1,1,1,1,20240616,20240630
1707,1,1,1,1,1,1,1,20240616,20240630
