from_stop_id,to_stop_id,transfer_type,min_transfer_time
2388,2520,2,60
2520,2521,2,60
2521,2522,2,120
2522,2523,2,60
2523,2524,2,60
2524,2525,2,60
2525,2526,2,60
2526,2527,2,60
2527,2379,2,300
2379,2423,2,60
2423,2424,2,60
2424,2425,2,60
2425,2426,2,60
2426,2427,2,120
2427,2039,2,120
2039,2037,2,120
2037,1523,2,180
1523,2274,2,120
2274,1271,2,120
1271,2063,2,240
2063,2064,2,60
2064,2065,2,60
2065,2066,2,120
2066,2275,2,120
2275,2376,2,60
2376,2377,2,60
2377,2378,2,60
2378,2379,2,120
2379,2428,2,300
2428,2429,2,60
2429,2430,2,180
2430,2431,2,60
2431,2432,2,60
2432,2433,2,60
2433,2434,2,60
2434,2435,2,60
2435,2436,2,120
2436,2437,2,120
2437,2438,2,60
2438,2439,2,60
2439,2440,2,120
2440,2817,2,60
2817,2441,2,60
2441,2442,2,60
2442,2443,2,60
2443,2444,2,120
2444,2445,2,120
2445,2404,2,60
2133,2134,2,60
2134,2135,2,60
2135,2136,2,120
2136,2137,2,120
2137,1457,2,60
1457,1458,2,60
1458,1459,2,120
1459,1460,2,120
1460,1461,2,60
1461,1462,2,60
1462,1463,2,60
1271,1272,2,120
1272,1273,2,180
1273,1274,2,120
1274,1275,2,60
1275,1276,2,60
1276,1277,2,60
1277,1278,2,60
1278,1279,2,60
1279,1280,2,60
1280,1281,2,60
1281,1282,2,60
1282,1283,2,60
1283,1284,2,60
1284,2138,2,120
2138,2139,2,120
2139,2140,2,120
2140,1285,2,60
1285,1286,2,60
1286,1287,2,60
2038,2039,2,120
1523,1524,2,180
1524,1525,2,60
1525,1526,2,60
1526,2040,2,60
2040,2041,2,60
2041,2042,2,60
2042,2043,2,60
2043,2171,2,60
2171,2172,2,60
2172,2173,2,60
2173,2174,2,60
2174,2175,2,60
2175,2176,2,60
2176,2053,2,60
2053,2177,2,60
2177,2178,2,60
2178,2179,2,60
2179,2180,2,60
2180,2181,2,120
2181,2182,2,60
2182,2183,2,60
2183,2184,2,60
2184,2185,2,60
2185,2186,2,60
2186,2060,2,60
2060,2061,2,60
2061,2062,2,60
2062,1643,2,60
1643,1644,2,60
1644,1645,2,60
1645,1646,2,60
1646,1271,2,120
2066,2038,2,60
2324,2325,2,120
2325,2326,2,60
2326,2719,2,120
2719,57,2,120
57,58,2,60
58,59,2,120
59,60,2,180
60,61,2,120
61,62,2,60
62,63,2,60
63,64,2,60
64,65,2,120
65,66,2,120
66,2818,2,120
2818,2819,2,60
2819,2820,2,120
2820,2821,2,60
2821,2822,2,60
2822,2823,2,60
2823,2336,2,120
2336,2337,2,120
2337,2338,2,120
2338,2339,2,60
2339,2340,2,60
2340,2341,2,60
2341,2342,2,60
2342,2343,2,60
2343,2824,2,120
2824,2825,2,120
2825,2826,2,60
2826,2827,2,120
2827,2828,2,120
2828,2829,2,60
2829,2830,2,60
2830,2831,2,60
2831,2832,2,60
2832,2833,2,60
2833,2834,2,60
2834,2835,2,120
2835,2836,2,60
2836,2837,2,60
2837,2838,2,120
2838,2839,2,60
2839,2840,2,120
2840,2841,2,60
2841,2842,2,60
2842,2843,2,60
294,1204,2,180
1204,1203,2,180
1203,295,2,180
295,1205,2,120
1205,1206,2,120
1206,1208,2,120
1208,1209,2,60
1209,1210,2,120
1210,1211,2,120
1211,1212,2,180
1212,1213,2,60
1213,1214,2,120
1214,1215,2,120
1215,1216,2,180
1216,1217,2,120
1217,1218,2,60
1218,1219,2,120
1219,1220,2,120
1220,1221,2,60
1221,2238,2,60
2238,2239,2,60
2239,1222,2,60
1222,1223,2,60
1223,1224,2,60
1224,1790,2,120
1790,1225,2,120
1225,1226,2,180
1226,1227,2,60
1227,1228,2,180
1228,2240,2,60
2240,1229,2,180
1229,864,2,60
864,865,2,60
865,866,2,60
866,867,2,60
867,129,2,300
2575,2574,2,120
2574,2589,2,60
2589,2590,2,60
2590,2591,2,60
2591,2592,2,60
2592,2593,2,120
2593,2594,2,60
2594,2595,2,60
2595,2596,2,120
2596,2597,2,60
2597,2598,2,60
2598,2599,2,60
2599,2600,2,120
2600,2601,2,120
2601,2602,2,60
2602,2603,2,60
2603,2604,2,60
2604,2605,2,120
2605,2606,2,60
2606,2607,2,120
2607,2608,2,120
2608,2609,2,60
2609,2610,2,60
2610,2611,2,60
2611,2612,2,60
2612,2549,2,60
2549,2548,2,120
129,940,2,60
940,941,2,60
941,942,2,60
942,943,2,60
943,944,2,120
944,945,2,60
945,946,2,60
946,2251,2,60
2251,2252,2,60
2252,138,2,60
138,139,2,60
139,140,2,60
140,141,2,60
141,142,2,120
142,143,2,60
143,144,2,60
144,145,2,60
145,146,2,60
146,147,2,120
147,148,2,60
148,149,2,60
149,150,2,60
150,151,2,60
151,152,2,60
152,153,2,60
153,154,2,60
154,155,2,60
155,947,2,60
947,1971,2,120
1971,156,2,60
156,157,2,120
157,158,2,60
158,1972,2,60
1972,948,2,60
948,921,2,60
921,922,2,60
922,923,2,120
923,924,2,180
924,925,2,60
925,926,2,120
926,2980,2,60
2980,949,2,120
949,163,2,60
163,164,2,120
164,165,2,60
165,166,2,180
166,167,2,120
167,168,2,60
168,1973,2,60
1973,169,2,60
169,170,2,60
170,171,2,60
171,172,2,60
172,1974,2,60
1974,173,2,60
173,174,2,60
174,175,2,60
175,176,2,60
176,177,2,60
177,178,2,60
178,1975,2,120
1975,188,2,240
188,189,2,60
189,190,2,60
190,191,2,120
191,192,2,60
192,194,2,120
194,195,2,120
195,196,2,60
196,197,2,60
197,198,2,60
198,954,2,60
954,199,2,60
199,1976,2,60
1976,200,2,60
200,201,2,60
201,202,2,60
202,1977,2,60
1977,203,2,180
203,1978,2,60
1978,204,2,60
204,1979,2,60
1979,205,2,60
205,206,2,120
206,45,2,60
45,46,2,60
1284,1285,2,60
1287,1288,2,120
1288,1289,2,60
1289,1290,2,120
1290,1291,2,60
1291,1292,2,120
1292,1293,2,180
1293,1294,2,120
1294,1295,2,120
1295,1296,2,60
1296,1297,2,60
1297,1298,2,60
1298,1299,2,60
1299,1300,2,120
1300,1301,2,60
1301,2446,2,120
2446,2447,2,60
2447,1302,2,120
1302,1303,2,60
1303,1304,2,60
1304,1305,2,60
1305,1306,2,60
1306,1307,2,120
1307,1308,2,120
1308,1309,2,120
1309,1310,2,60
1310,1311,2,180
1311,1312,2,120
1312,1313,2,60
1313,1314,2,120
1314,1315,2,60
1315,1316,2,60
1316,1317,2,60
1317,1318,2,60
1318,1319,2,180
1319,1320,2,120
1320,1321,2,120
1321,1322,2,60
1322,1323,2,60
1323,1324,2,60
1324,1325,2,120
1325,1326,2,60
1326,1327,2,120
1327,1328,2,60
1328,1329,2,60
1329,1330,2,60
1330,1331,2,60
1331,1332,2,60
1332,1333,2,60
1333,1334,2,60
1334,1335,2,60
1335,1336,2,60
1336,1337,2,60
1337,1338,2,60
1338,1339,2,120
1339,1340,2,120
1340,1341,2,60
1341,1342,2,120
1342,1343,2,60
1343,1344,2,120
1344,1345,2,60
1345,1346,2,60
1346,1347,2,180
1347,1348,2,120
1348,1349,2,120
1349,1350,2,60
1350,1351,2,120
1351,1352,2,300
1352,1353,2,60
1353,1354,2,60
1354,1355,2,120
1355,1356,2,60
1356,1908,2,60
1908,1909,2,60
1909,1910,2,60
1910,1911,2,60
1911,1912,2,60
1912,1361,2,60
1361,1362,2,60
1362,1363,2,60
1363,1364,2,60
1364,1365,2,60
1365,1366,2,60
1366,1367,2,60
1367,1368,2,60
94,95,2,120
95,96,2,60
96,97,2,60
97,98,2,60
98,99,2,60
99,100,2,60
100,101,2,120
101,86,2,180
86,85,2,120
85,102,2,60
102,103,2,60
103,104,2,60
104,105,2,60
105,106,2,120
106,107,2,60
107,108,2,60
108,109,2,60
109,110,2,60
110,111,2,60
111,112,2,60
112,113,2,120
113,114,2,120
114,115,2,60
115,116,2,60
116,117,2,240
117,118,2,60
118,119,2,60
119,66,2,360
66,120,2,60
120,121,2,120
121,122,2,60
122,123,2,60
123,124,2,60
124,125,2,120
125,126,2,120
126,285,2,120
285,127,2,120
127,128,2,60
128,2716,2,60
2716,2528,2,60
2528,2529,2,120
2529,2530,2,120
1585,1583,2,60
1583,2576,2,120
2576,2577,2,180
2577,2578,2,60
2578,2579,2,120
2579,2580,2,60
2580,2581,2,60
2581,2582,2,60
2582,2583,2,60
2583,2584,2,60
2584,2585,2,60
2585,2586,2,60
2586,1708,2,120
1708,1726,2,60
1726,1727,2,60
1727,1728,2,60
1728,1729,2,60
1729,1730,2,60
1730,1731,2,60
1731,1732,2,60
1732,1733,2,60
1733,1734,2,120
1734,1735,2,60
1735,1736,2,60
1736,1737,2,60
1737,1738,2,60
1738,1739,2,60
1739,1740,2,60
1740,1741,2,60
1741,1742,2,120
1742,1743,2,60
1743,1744,2,60
1744,1745,2,60
1745,1746,2,120
1746,1747,2,120
1747,1685,2,180
1685,1748,2,120
1748,1749,2,120
1749,1750,2,60
1750,1751,2,60
1751,1752,2,180
1752,1753,2,120
1753,1754,2,120
1754,1755,2,60
1755,1756,2,120
1756,2587,2,60
2587,1757,2,120
1757,1758,2,60
1758,1759,2,60
1759,1760,2,180
1760,2588,2,60
2588,1761,2,60
1761,1670,2,180
1670,1762,2,120
1762,1763,2,120
1763,1764,2,120
1764,1765,2,120
1765,1766,2,60
1766,1767,2,60
1767,1768,2,120
1768,1769,2,300
1769,1770,2,120
1770,1771,2,60
1771,1772,2,120
1772,1773,2,120
1773,1774,2,180
1774,1775,2,180
1775,1776,2,120
1776,1777,2,60
1777,1778,2,60
1778,1779,2,180
1779,1780,2,120
1780,1649,2,120
1649,1781,2,120
1781,1647,2,60
377,378,2,180
378,379,2,120
379,380,2,120
380,381,2,60
381,382,2,120
382,383,2,120
383,384,2,60
384,385,2,60
385,386,2,60
386,387,2,60
387,388,2,120
388,389,2,120
389,390,2,60
390,391,2,60
391,392,2,120
392,393,2,60
393,394,2,60
394,395,2,60
395,396,2,60
396,333,2,60
333,334,2,120
334,335,2,60
335,336,2,120
442,443,2,120
443,444,2,120
444,445,2,180
445,446,2,120
446,447,2,60
447,2717,2,60
2717,448,2,60
448,449,2,60
449,433,2,180
433,450,2,120
450,451,2,60
451,452,2,120
452,2718,2,120
2718,453,2,120
453,454,2,60
454,455,2,60
455,456,2,120
456,457,2,60
457,458,2,60
458,459,2,60
459,460,2,60
460,461,2,120
461,462,2,60
462,463,2,60
463,464,2,60
464,465,2,60
465,466,2,60
466,467,2,60
467,468,2,60
468,469,2,60
469,333,2,60
1585,1587,2,180
1587,1588,2,180
1588,1589,2,60
1589,1590,2,120
1590,1591,2,120
1591,1592,2,120
1592,1593,2,60
1593,1594,2,60
1594,1595,2,60
1595,1596,2,60
1596,1597,2,120
1597,1598,2,60
1598,1599,2,120
1599,1600,2,60
1600,1601,2,120
1601,1602,2,120
1602,1603,2,120
1603,1604,2,120
1604,1605,2,60
1605,1606,2,120
1606,1607,2,120
1607,1608,2,60
1608,1609,2,120
1609,1610,2,180
1610,1611,2,120
1611,1612,2,120
1612,1613,2,120
1613,1614,2,60
1614,1615,2,120
1615,1616,2,180
1616,1617,2,120
1617,2309,2,120
2309,1618,2,60
1618,1619,2,60
1619,1620,2,60
1620,1621,2,60
1621,1622,2,60
1622,1623,2,180
1623,1624,2,180
1624,1625,2,180
1625,1626,2,120
1626,1627,2,60
1627,1628,2,120
1628,1629,2,120
1629,1630,2,60
1630,1631,2,120
1631,1632,2,120
1632,1633,2,60
1633,1787,2,120
1787,1634,2,60
1634,1635,2,120
1635,1636,2,60
1636,1637,2,60
1637,2132,2,120
2132,1638,2,120
1638,1639,2,60
1639,1640,2,60
1640,1641,2,120
1641,1642,2,120
1642,1643,2,120
1646,2274,2,120
2310,2311,2,180
2311,2312,2,120
2312,2313,2,120
2313,2314,2,60
2314,2315,2,60
2315,2316,2,60
2316,2317,2,60
2317,2318,2,60
2318,2319,2,60
2319,2320,2,60
2320,2321,2,60
2321,2322,2,60
2322,1028,2,120
1028,1029,2,60
1029,1030,2,60
1030,1031,2,60
1031,1032,2,120
1032,1033,2,120
1033,1034,2,120
1034,1035,2,60
1035,1036,2,60
1036,1037,2,120
1037,1038,2,120
1038,1014,2,60
1014,1015,2,60
1015,2323,2,120
2323,1016,2,60
1016,1013,2,180
1013,1039,2,60
1039,1040,2,60
1040,1041,2,60
1041,1042,2,120
1042,1043,2,60
1043,1044,2,60
25,24,2,120
24,26,2,240
26,27,2,60
27,28,2,180
28,29,2,60
29,30,2,60
30,31,2,60
31,32,2,120
32,2253,2,240
2253,33,2,60
33,34,2,60
34,35,2,60
35,1968,2,60
1968,36,2,60
36,1969,2,120
1969,37,2,120
37,1970,2,60
1970,38,2,60
38,39,2,60
39,40,2,60
40,812,2,60
812,41,2,60
41,42,2,60
42,813,2,60
813,814,2,60
814,815,2,60
815,816,2,120
816,207,2,60
701,702,2,120
702,703,2,120
703,704,2,120
704,705,2,60
705,706,2,60
706,707,2,120
707,708,2,60
708,709,2,60
709,710,2,120
710,711,2,60
711,712,2,60
712,713,2,60
713,714,2,60
714,715,2,120
715,716,2,60
716,717,2,60
717,718,2,60
718,719,2,120
719,720,2,60
720,721,2,60
721,722,2,240
722,723,2,60
723,724,2,120
724,725,2,60
725,726,2,120
726,727,2,120
727,728,2,60
728,729,2,120
729,1925,2,180
1925,1926,2,60
1926,730,2,120
730,731,2,180
731,732,2,60
732,733,2,60
733,734,2,60
734,735,2,60
735,736,2,60
736,737,2,60
737,630,2,60
630,631,2,60
631,632,2,60
632,633,2,60
633,634,2,60
634,556,2,60
556,635,2,180
635,636,2,60
336,337,2,180
337,338,2,120
338,339,2,180
339,340,2,60
340,341,2,60
341,342,2,60
342,343,2,60
343,344,2,60
344,345,2,60
345,346,2,60
346,347,2,60
347,348,2,120
348,349,2,60
349,350,2,60
350,351,2,60
351,352,2,60
352,353,2,60
353,318,2,120
318,355,2,60
355,356,2,60
356,357,2,60
357,2234,2,60
2234,2235,2,60
2235,359,2,60
359,360,2,120
360,361,2,60
361,362,2,60
362,363,2,60
363,364,2,60
364,365,2,60
365,366,2,120
366,2764,2,60
2764,367,2,60
367,368,2,60
368,369,2,120
369,370,2,120
370,1916,2,120
1916,1917,2,120
1917,2694,2,60
2694,372,2,120
372,2695,2,60
2695,2696,2,60
2696,373,2,120
373,374,2,120
374,375,2,60
375,376,2,120
376,295,2,180
295,294,2,60
94,2613,2,120
2613,2614,2,60
2614,2615,2,60
2615,101,2,60
86,2794,2,120
2794,2616,2,60
2616,2617,2,120
2617,2618,2,60
2618,2619,2,60
2619,2620,2,60
2620,2621,2,60
2621,2622,2,120
2622,2623,2,60
2623,2624,2,60
2624,2625,2,60
2625,2626,2,60
2626,2627,2,120
2627,2628,2,60
2628,2629,2,120
2629,2630,2,180
2630,2631,2,60
2631,2632,2,60
2632,2633,2,60
2633,2634,2,60
2634,2635,2,120
2635,2636,2,120
2636,2637,2,60
2637,2638,2,60
2638,2639,2,60
2639,2716,2,240
1526,1527,2,60
1527,1528,2,60
1528,1529,2,120
1529,1530,2,120
1530,1531,2,60
1531,2119,2,60
2119,2120,2,60
2120,2121,2,60
2121,2122,2,60
2122,2229,2,120
2229,2230,2,60
2230,2231,2,60
2231,2232,2,60
2232,2123,2,120
2123,2233,2,60
2233,1782,2,120
2843,2860,2,180
2860,2861,2,60
2861,2862,2,120
2862,2863,2,60
2863,2864,2,120
2864,2865,2,60
2865,2866,2,60
2866,2867,2,120
2867,2868,2,60
2868,2869,2,60
2869,2870,2,60
2870,2871,2,60
2871,2872,2,60
2872,2873,2,60
2873,2874,2,60
2874,2875,2,120
2875,2876,2,120
2876,2877,2,60
2877,2622,2,120
2630,2878,2,60
2878,2879,2,60
2879,2880,2,120
2880,2881,2,60
2881,2882,2,60
2882,2883,2,60
2883,66,2,60
351,2241,2,60
2241,315,2,60
315,316,2,60
316,317,2,60
317,318,2,60
318,2246,2,60
2246,650,2,60
650,651,2,60
651,652,2,120
652,653,2,60
653,654,2,60
654,655,2,120
655,656,2,60
656,657,2,60
657,658,2,60
658,659,2,120
659,660,2,60
660,661,2,60
661,295,2,240
339,397,2,60
397,398,2,60
398,399,2,60
399,400,2,60
400,401,2,60
401,402,2,60
402,388,2,60
390,403,2,120
403,404,2,60
404,405,2,60
405,406,2,60
406,407,2,60
407,408,2,120
408,409,2,120
409,410,2,60
410,411,2,120
411,378,2,180
378,412,2,180
2006,2007,2,60
2007,2008,2,60
2008,2009,2,60
2009,2013,2,120
2013,2014,2,60
2014,2015,2,60
2015,2016,2,60
2016,2017,2,60
2017,2018,2,60
2018,2798,2,60
2798,2020,2,60
2020,2021,2,60
2021,2022,2,60
2022,2023,2,60
2023,2024,2,120
2024,2025,2,60
2025,2026,2,60
2026,2027,2,60
2027,2028,2,60
2028,2029,2,60
2029,2030,2,60
2030,2031,2,60
2031,2032,2,60
2032,2033,2,60
2033,2034,2,60
2034,2035,2,60
2035,2036,2,120
2036,2037,2,120
1287,2138,2,120
2140,1448,2,60
1448,1449,2,60
1449,1283,2,60
1283,1450,2,60
1450,1451,2,60
1451,1452,2,60
1452,1453,2,60
1453,1454,2,60
1454,1455,2,60
1455,1456,2,60
1456,1457,2,60
129,868,2,420
868,869,2,60
869,870,2,60
870,871,2,60
871,872,2,60
872,2793,2,180
2793,874,2,300
874,1998,2,60
1998,1999,2,60
1999,2000,2,60
2000,875,2,60
875,2001,2,60
2001,2002,2,60
2002,876,2,60
876,2003,2,60
2003,2004,2,60
2004,877,2,60
877,878,2,60
878,879,2,60
879,880,2,60
880,881,2,60
881,882,2,60
882,883,2,60
883,884,2,60
884,885,2,60
885,2389,2,180
2389,2390,2,180
2390,2391,2,60
2391,2392,2,60
2392,2393,2,60
2393,2394,2,60
2394,2395,2,60
2395,2396,2,60
2396,2397,2,60
2397,2934,2,60
2934,2398,2,60
2398,2399,2,60
2399,2400,2,60
2400,2401,2,60
2401,2402,2,60
2402,2403,2,60
2403,2256,2,60
2256,2939,2,120
2939,2940,2,120
2940,2941,2,120
2941,2942,2,60
2942,2943,2,60
2943,2944,2,60
2944,2945,2,120
2945,2946,2,60
2946,2947,2,60
2947,2948,2,60
2948,2949,2,120
2949,2950,2,60
2950,2951,2,60
2951,2952,2,60
2952,2953,2,120
2953,2954,2,180
2954,2955,2,60
2955,2956,2,60
2956,2957,2,120
2957,2958,2,120
1795,1796,2,60
1796,1797,2,60
1797,1798,2,60
1798,1799,2,60
1799,1800,2,0
1800,1801,2,60
1801,1802,2,60
1802,1803,2,60
1803,1804,2,60
1804,1805,2,60
1805,1806,2,60
1806,1807,2,120
1807,1808,2,120
1808,1809,2,120
1809,1810,2,60
1810,1811,2,120
1811,1812,2,60
1812,1967,2,240
1967,1813,2,60
1813,1814,2,60
1814,1815,2,60
1815,1816,2,120
1816,1817,2,120
1817,1818,2,60
1818,1819,2,60
1819,1820,2,0
1820,1821,2,60
1821,1822,2,0
1822,1823,2,60
1823,1824,2,60
1824,504,2,60
504,505,2,60
505,506,2,60
506,507,2,60
507,508,2,60
508,509,2,60
509,510,2,180
510,511,2,60
511,512,2,120
512,336,2,120
294,295,2,120
295,637,2,180
637,638,2,60
638,639,2,60
639,640,2,120
640,641,2,120
641,642,2,60
642,643,2,120
643,644,2,60
644,645,2,60
645,646,2,120
646,647,2,60
647,2245,2,60
2245,318,2,60
357,2236,2,60
2236,2237,2,60
2237,321,2,60
321,322,2,60
322,323,2,60
323,324,2,60
324,325,2,120
325,326,2,60
326,327,2,60
327,328,2,60
328,329,2,60
329,330,2,60
330,331,2,60
331,332,2,60
332,333,2,60
2404,2405,2,60
2405,2406,2,120
2406,2407,2,120
2407,2408,2,60
2408,2409,2,60
2409,2816,2,60
2816,2410,2,60
2410,2411,2,120
2411,2412,2,60
2412,2413,2,60
2413,2414,2,120
2414,2415,2,120
2415,2416,2,60
2416,2417,2,60
2417,2418,2,60
2418,2419,2,60
2419,2420,2,180
2420,2421,2,180
2421,2422,2,60
2422,2379,2,300
2141,2142,2,60
2142,2143,2,120
2143,2144,2,60
2144,2145,2,60
2145,2146,2,60
2146,2052,2,60
2052,2053,2,120
2053,1639,2,60
207,2,2,60
2,3,2,60
3,213,2,60
213,808,2,180
808,809,2,60
809,810,2,120
810,6,2,60
6,7,2,60
7,811,2,60
811,8,2,60
8,9,2,60
9,10,2,60
10,1980,2,60
1980,11,2,60
11,1981,2,120
1981,12,2,180
12,1982,2,60
1982,13,2,60
13,14,2,60
14,15,2,60
15,16,2,60
16,17,2,240
17,18,2,120
18,19,2,60
19,20,2,60
20,21,2,60
21,22,2,180
22,23,2,60
23,24,2,120
24,25,2,60
295,296,2,240
296,297,2,120
297,298,2,60
298,299,2,120
299,2697,2,60
2697,2698,2,60
2698,300,2,120
300,2699,2,60
2699,1913,2,60
1913,301,2,120
301,302,2,120
302,303,2,60
303,304,2,60
304,305,2,60
305,2735,2,60
2735,306,2,60
306,307,2,60
307,308,2,60
308,309,2,60
309,310,2,60
310,311,2,60
311,312,2,60
312,313,2,60
313,315,2,180
318,319,2,120
319,320,2,60
320,321,2,60
336,513,2,120
513,514,2,180
514,515,2,180
515,516,2,60
516,517,2,60
517,518,2,60
518,519,2,60
519,520,2,60
520,521,2,60
521,522,2,60
522,523,2,120
523,524,2,60
524,525,2,60
525,457,2,120
459,526,2,60
526,527,2,60
527,528,2,60
528,529,2,0
529,530,2,60
530,531,2,60
531,532,2,60
532,533,2,60
533,534,2,60
534,535,2,60
535,536,2,60
536,537,2,60
537,538,2,180
538,539,2,60
539,540,2,60
540,409,2,60
412,541,2,120
541,542,2,60
542,543,2,60
543,544,2,120
544,545,2,120
545,546,2,180
546,547,2,120
547,548,2,120
548,549,2,120
549,550,2,180
550,551,2,60
551,552,2,180
552,553,2,60
2658,1087,2,120
1087,1088,2,60
1088,1089,2,60
1089,1090,2,60
1090,1091,2,120
1091,1092,2,60
1092,1093,2,60
1093,1094,2,60
1094,1095,2,60
1095,1096,2,60
1096,1097,2,60
1097,1098,2,60
1098,1099,2,120
1099,1100,2,120
1100,1101,2,60
1101,1102,2,60
1102,1103,2,60
1103,1104,2,120
1104,1105,2,60
1105,1106,2,120
1106,1107,2,60
1107,1108,2,60
1108,1109,2,60
1109,1110,2,60
1110,1111,2,60
1111,2659,2,180
2659,2660,2,240
2660,774,2,120
774,2661,2,120
2661,2662,2,120
2662,2663,2,120
2663,2664,2,120
2664,2665,2,60
2665,2666,2,240
2666,2667,2,60
2667,2668,2,60
2668,2669,2,60
2669,2670,2,60
2670,2671,2,120
2671,2672,2,180
2672,2673,2,60
2673,2674,2,120
2674,2675,2,60
2274,1523,2,240
1531,1532,2,120
1532,1533,2,120
1533,1534,2,60
1534,1535,2,60
1535,1536,2,120
1536,1789,2,120
1789,1538,2,60
1538,1539,2,120
1539,1540,2,120
1540,1541,2,120
1541,1542,2,60
1542,1543,2,120
1543,1544,2,120
1544,1545,2,60
1545,1546,2,120
1546,1547,2,180
1547,1623,2,240
1623,1548,2,120
1548,1549,2,60
1549,1550,2,60
1550,1551,2,60
1551,1552,2,180
1552,1553,2,120
1553,1554,2,180
1554,1555,2,120
1555,1556,2,60
1556,1557,2,120
1557,1558,2,120
1558,1559,2,120
1559,1560,2,180
1560,1561,2,120
1561,1562,2,60
1562,1563,2,120
1563,1564,2,120
1564,1565,2,60
1565,1566,2,120
1566,1567,2,120
1567,1568,2,120
1568,1569,2,120
1569,1570,2,60
1570,1571,2,120
1571,1572,2,60
1572,1573,2,120
1573,1574,2,60
1574,1575,2,60
1575,1576,2,120
1576,1577,2,120
1577,1578,2,120
1578,1579,2,120
1579,1580,2,60
1580,1581,2,60
1581,1582,2,120
1582,1584,2,180
1584,1788,2,60
1788,1585,2,60
2958,2962,2,120
2962,2963,2,120
2963,2964,2,60
2964,2965,2,120
2965,2966,2,180
2966,2967,2,120
2967,2968,2,60
2968,2969,2,60
2969,2970,2,120
2970,2971,2,60
2971,2972,2,60
2972,2973,2,60
2973,2974,2,120
2974,2975,2,60
2975,2976,2,60
2976,2977,2,60
2977,2978,2,120
2978,2939,2,120
2939,2979,2,120
2979,2257,2,60
2257,2258,2,60
2258,2259,2,60
2259,2260,2,60
2260,2261,2,60
2261,2262,2,60
2262,2935,2,60
2935,2263,2,60
2263,2264,2,60
2264,2265,2,60
2265,2266,2,60
2266,2267,2,60
2267,2268,2,60
2268,2269,2,60
2269,2270,2,60
2270,2271,2,180
2271,851,2,180
851,852,2,60
852,853,2,60
853,854,2,60
854,855,2,60
855,856,2,60
856,857,2,60
857,858,2,60
858,859,2,60
859,1991,2,60
1991,1992,2,60
1992,860,2,60
860,1993,2,60
1993,1994,2,60
1994,861,2,60
861,1995,2,60
1995,1996,2,60
1996,1997,2,60
1997,2763,2,60
2763,1228,2,360
1228,1229,2,120
872,1178,2,120
1178,1180,2,180
1180,1181,2,180
1181,1182,2,240
1182,1185,2,240
1185,2844,2,420
2844,1193,2,240
1193,2845,2,180
2845,2846,2,180
2846,2847,2,180
2847,2848,2,180
2848,2849,2,360
2849,2548,2,120
2548,2850,2,420
2850,2851,2,120
2851,2852,2,120
2852,2853,2,180
2853,2806,2,420
2806,2854,2,180
2854,2855,2,180
2855,2856,2,240
2856,2857,2,120
2857,2310,2,240
2310,2927,2,240
2927,2858,2,120
2858,2928,2,240
2928,2929,2,120
2929,2799,2,240
2799,2930,2,180
2930,2931,2,60
2064,2073,2,120
2073,2074,2,60
2074,2075,2,120
2075,2076,2,60
2076,2077,2,120
2077,2078,2,60
2078,2079,2,60
2079,2080,2,60
2080,2081,2,60
2081,2082,2,60
2082,2083,2,60
2083,2084,2,60
2084,2085,2,120
2085,2086,2,60
2086,2087,2,60
2087,2088,2,60
2088,2089,2,60
2089,2090,2,60
2090,2091,2,60
2091,2092,2,60
2092,2093,2,60
2093,2094,2,60
2094,2095,2,60
2095,2096,2,60
2096,2097,2,60
2097,2098,2,60
2098,2006,2,60
2762,2765,2,60
2765,2766,2,120
2766,2767,2,120
2767,2768,2,120
2768,2769,2,120
2769,2770,2,180
2770,2771,2,60
2771,2772,2,60
2772,2773,2,60
2773,2774,2,120
2774,2775,2,60
2775,2776,2,60
2776,2777,2,120
2777,2778,2,60
2778,2779,2,60
2779,2780,2,120
2780,2781,2,60
2781,2782,2,120
2782,2783,2,60
2783,2784,2,60
2784,2785,2,60
2785,2786,2,60
2786,2787,2,60
2787,2936,2,60
2936,2937,2,60
2937,2792,2,60
2792,1461,2,60
1463,2274,2,120
1008,1009,2,60
1009,1010,2,60
1010,1011,2,120
1011,1012,2,60
1012,1013,2,240
1013,1014,2,60
1014,2323,2,60
2323,1015,2,120
1015,1016,2,60
1016,1017,2,60
1017,1018,2,120
1018,1019,2,120
1019,1020,2,60
1020,1021,2,60
1021,1022,2,120
1022,1023,2,120
1023,1024,2,120
1024,1025,2,60
1025,1026,2,60
1026,1027,2,60
1027,2469,2,120
2469,2470,2,60
2470,2471,2,60
2471,2472,2,60
2472,2473,2,60
2473,2474,2,60
2474,2475,2,60
2475,2476,2,60
2476,2477,2,60
2477,2478,2,180
2478,2310,2,180
872,2242,2,60
2242,1178,2,120
1178,1179,2,60
1179,1180,2,180
1181,1907,2,120
1907,1182,2,180
1182,1183,2,60
1183,1184,2,60
1184,2243,2,60
2243,2244,2,60
2244,1185,2,60
1185,1186,2,60
1186,1187,2,120
1187,1188,2,120
1188,1189,2,60
1189,1190,2,120
1190,1191,2,60
1191,1192,2,120
1192,1193,2,120
1193,1194,2,120
1194,1195,2,60
1195,1196,2,120
1196,1197,2,120
1197,1198,2,120
1198,1199,2,60
1199,1200,2,60
1200,1201,2,60
1201,1202,2,120
1202,1203,2,120
2379,2380,2,300
2380,2381,2,60
2381,2382,2,60
2382,2383,2,60
2383,2384,2,60
2384,2385,2,60
2385,2386,2,120
2386,2387,2,60
2387,2388,2,60
1782,2124,2,60
2124,2125,2,60
2125,2226,2,120
2226,2227,2,60
2227,2228,2,60
2228,2126,2,120
2126,2127,2,60
2127,2128,2,120
2128,2129,2,60
2129,2130,2,60
2130,2131,2,60
2131,1638,2,120
554,555,2,120
555,556,2,120
556,557,2,60
557,558,2,60
558,559,2,60
559,560,2,60
560,561,2,60
561,562,2,60
562,563,2,120
563,564,2,120
564,565,2,120
565,566,2,60
566,567,2,120
567,568,2,60
568,569,2,60
569,570,2,60
570,571,2,60
571,572,2,120
572,573,2,60
573,574,2,60
574,575,2,120
575,576,2,60
576,577,2,60
577,578,2,60
578,579,2,60
579,580,2,60
580,581,2,60
581,582,2,120
582,583,2,120
583,584,2,120
584,585,2,180
585,586,2,60
586,587,2,60
587,588,2,60
588,589,2,120
589,590,2,60
590,591,2,60
591,592,2,60
592,593,2,60
593,594,2,120
594,595,2,120
595,478,2,120
478,479,2,120
479,480,2,120
480,481,2,60
481,482,2,60
482,483,2,60
483,377,2,60
387,391,2,60
213,214,2,180
214,1959,2,60
1959,215,2,60
215,1960,2,60
1960,216,2,60
216,1961,2,180
1961,217,2,60
217,218,2,60
218,219,2,60
219,1962,2,60
1962,220,2,60
220,221,2,60
221,222,2,60
222,223,2,60
223,224,2,60
224,225,2,60
225,226,2,120
226,228,2,120
228,229,2,60
229,230,2,60
230,231,2,120
231,232,2,60
232,237,2,240
237,238,2,60
238,239,2,60
239,240,2,60
240,241,2,60
241,242,2,60
242,243,2,60
243,1963,2,60
1963,244,2,60
244,245,2,120
245,246,2,60
246,247,2,60
247,1964,2,120
1964,248,2,60
248,249,2,180
249,250,2,60
250,251,2,180
251,252,2,60
252,253,2,120
253,162,2,60
162,921,2,120
2980,928,2,60
928,255,2,60
255,1965,2,60
1965,256,2,60
256,257,2,60
257,258,2,120
258,1966,2,60
1966,259,2,120
259,260,2,60
260,261,2,60
261,262,2,60
262,263,2,60
263,264,2,60
264,265,2,60
265,266,2,60
266,267,2,60
267,268,2,60
268,269,2,120
269,270,2,60
270,271,2,60
271,272,2,60
272,273,2,60
273,274,2,120
274,275,2,60
275,276,2,60
276,2254,2,120
2254,2255,2,60
2255,279,2,60
279,933,2,60
933,934,2,60
934,935,2,120
935,936,2,60
936,937,2,60
937,938,2,60
938,939,2,60
939,129,2,60
2006,2099,2,120
2099,2100,2,120
2100,2101,2,120
2101,2798,2,60
2023,2103,2,120
2103,2104,2,120
2104,2105,2,60
2105,2106,2,60
2106,2107,2,60
2107,2108,2,60
2108,2027,2,60
562,662,2,60
662,663,2,60
663,664,2,60
664,665,2,120
665,666,2,60
666,667,2,60
667,668,2,120
668,669,2,120
669,1923,2,60
1923,670,2,60
670,671,2,180
671,672,2,120
672,673,2,60
673,674,2,120
674,675,2,120
675,676,2,60
676,677,2,120
677,678,2,60
678,679,2,240
679,680,2,60
680,681,2,60
681,682,2,120
682,683,2,60
683,684,2,60
684,685,2,60
685,686,2,120
686,687,2,60
687,688,2,120
688,689,2,60
689,690,2,60
690,691,2,120
691,1924,2,60
1924,692,2,60
692,693,2,60
693,694,2,60
694,695,2,60
695,696,2,60
696,697,2,120
697,698,2,60
698,699,2,60
699,700,2,60
1531,1638,2,120
1638,2053,2,120
2177,2204,2,60
2204,2205,2,60
2205,2206,2,60
2206,2207,2,60
2207,2208,2,120
2208,2141,2,60
339,413,2,54
413,414,2,60
414,415,2,60
415,416,2,60
416,417,2,60
417,418,2,60
418,419,2,60
419,420,2,60
420,421,2,60
421,422,2,120
422,423,2,60
423,424,2,60
424,425,2,60
425,426,2,60
426,427,2,120
427,428,2,60
428,429,2,60
429,2692,2,60
2692,430,2,120
430,431,2,120
431,432,2,60
432,433,2,180
433,434,2,60
434,435,2,60
435,2693,2,60
2693,436,2,60
436,437,2,60
437,438,2,120
438,439,2,180
439,440,2,120
440,441,2,120
2548,2549,2,120
2549,2550,2,60
2550,2551,2,60
2551,2552,2,60
2552,2553,2,60
2553,2554,2,60
2554,2555,2,120
2555,2556,2,120
2556,2557,2,60
2557,2558,2,120
2558,2559,2,60
2559,2560,2,60
2560,2561,2,60
2561,2562,2,120
2562,2563,2,120
2563,2564,2,60
2564,2565,2,60
2565,2566,2,60
2566,2567,2,120
2567,2568,2,60
2568,2569,2,60
2569,2570,2,120
2570,2571,2,60
2571,2572,2,60
2572,2573,2,60
2573,2574,2,60
2574,2575,2,120
2081,2109,2,60
2109,2110,2,60
2110,2111,2,60
2111,2112,2,60
2112,2113,2,60
2113,2114,2,120
2114,2084,2,120
2089,2115,2,60
2115,2116,2,60
2116,2117,2,120
2117,2118,2,120
2118,2098,2,120
1277,2166,2,60
2166,2167,2,120
2167,2168,2,60
2168,2169,2,60
2169,2170,2,120
2170,2067,2,60
1532,2132,2,60
2187,2188,2,60
2188,2189,2,120
2189,2190,2,120
2190,2191,2,60
2191,2192,2,60
2192,2193,2,60
2193,2194,2,120
2194,2195,2,60
2195,2196,2,60
2196,2197,2,60
2197,2198,2,60
2198,2199,2,60
2199,2200,2,60
2200,2201,2,120
2201,2202,2,120
2202,2203,2,60
2203,2184,2,60
2675,2676,2,60
2676,2677,2,120
2677,2678,2,60
2678,2679,2,180
2679,2680,2,120
2680,2681,2,60
2681,2682,2,60
2682,2683,2,60
2683,2684,2,60
2684,2685,2,240
2685,2686,2,60
2686,2687,2,120
2687,2688,2,120
2688,2660,2,120
2661,2689,2,240
2689,1154,2,180
1154,1155,2,60
1155,1156,2,60
1156,1157,2,60
1157,1158,2,60
1158,1159,2,60
1159,1160,2,120
1160,1161,2,60
1161,1162,2,120
1162,1163,2,60
1163,1164,2,60
1164,1165,2,60
1165,1166,2,60
1166,1167,2,120
1167,1168,2,120
1168,1169,2,60
1169,1170,2,60
1170,1171,2,60
1171,1172,2,60
1172,1173,2,60
1173,1174,2,60
1174,1175,2,60
1175,1090,2,60
1090,1176,2,60
1176,1177,2,60
1177,1087,2,120
1087,2690,2,60
2479,2480,2,60
2480,2481,2,60
2481,2482,2,60
2482,2483,2,60
2483,2484,2,60
2484,2302,2,120
2302,2485,2,180
2485,2486,2,180
2486,2420,2,240
2420,2487,2,120
2487,2488,2,60
2488,2489,2,120
2489,2490,2,60
2490,2491,2,60
2491,2492,2,60
2492,2288,2,120
2288,2289,2,60
2289,2290,2,60
2290,2291,2,60
2291,2292,2,60
2292,2293,2,120
2293,2493,2,60
2493,2494,2,60
2494,2495,2,60
2495,2496,2,60
2496,2497,2,60
2497,2498,2,60
2498,2499,2,60
2499,2500,2,60
2500,2501,2,60
2501,2502,2,60
2502,2503,2,60
2503,2426,2,60
2272,71,2,60
71,72,2,120
72,73,2,120
73,74,2,120
74,75,2,60
75,76,2,60
76,77,2,60
77,78,2,60
78,79,2,60
79,80,2,60
80,81,2,120
81,82,2,60
82,83,2,60
83,84,2,60
84,85,2,60
85,86,2,120
86,87,2,120
87,88,2,60
88,89,2,120
89,90,2,60
90,91,2,60
91,92,2,60
92,93,2,60
93,94,2,120
885,886,2,60
886,887,2,60
887,848,2,60
848,888,2,180
888,889,2,60
889,890,2,120
890,891,2,60
891,892,2,60
892,893,2,120
893,894,2,60
894,895,2,60
895,896,2,60
896,897,2,60
897,898,2,60
898,899,2,60
899,835,2,120
835,900,2,120
900,901,2,60
901,902,2,60
902,903,2,60
903,2005,2,60
2005,904,2,60
904,905,2,60
905,906,2,60
906,907,2,180
907,908,2,60
908,909,2,60
909,824,2,60
824,910,2,60
910,911,2,60
911,912,2,60
912,913,2,60
913,914,2,120
914,915,2,60
915,817,2,180
2053,1532,2,120
115,2272,2,60
66,67,2,300
67,68,2,60
68,69,2,60
69,70,2,240
70,71,2,60
2720,1046,2,180
1046,1047,2,120
1047,1048,2,60
1048,1049,2,180
1049,1050,2,120
1050,1051,2,120
1051,1052,2,60
1052,1053,2,120
1053,1054,2,120
1054,1055,2,120
1055,1056,2,120
1056,1057,2,60
1057,2273,2,120
2273,2225,2,120
2225,1060,2,120
1060,1061,2,180
1061,1062,2,60
1062,1063,2,60
1063,1064,2,60
1064,1065,2,60
1065,1066,2,60
1066,1067,2,60
1067,1068,2,60
1068,1069,2,60
1069,1070,2,60
1070,1071,2,60
1071,1072,2,60
1072,1073,2,60
1073,1074,2,60
1074,1075,2,120
1075,1076,2,60
1076,1077,2,120
1077,1078,2,120
1078,1079,2,60
1079,1080,2,60
1080,1081,2,120
1081,1082,2,60
1082,1083,2,60
1083,1084,2,60
1084,1085,2,60
1085,1086,2,120
1086,1928,2,60
1928,1929,2,60
1929,1930,2,60
1930,1931,2,60
1931,1932,2,120
1932,1933,2,60
1933,1934,2,120
1934,1935,2,60
1935,1936,2,120
1936,1937,2,60
1937,1938,2,60
1938,1939,2,120
1939,1940,2,60
1940,1941,2,180
1941,1942,2,60
1942,1943,2,120
2719,2327,2,180
2327,2328,2,60
2328,2329,2,60
2329,2330,2,60
2330,2331,2,120
2331,2332,2,120
2332,2333,2,60
2333,2334,2,60
2334,2335,2,60
2335,2336,2,120
2343,2344,2,120
2344,2345,2,60
2345,2346,2,60
2346,2347,2,60
2347,2348,2,60
2348,2349,2,60
2349,2350,2,120
2350,85,2,120
87,2351,2,60
2351,2352,2,60
2352,94,2,180
1647,1648,2,60
1648,1649,2,240
1649,1650,2,120
1650,1651,2,60
1651,1652,2,120
1652,1653,2,180
1653,1654,2,60
1654,1655,2,60
1655,1656,2,60
1656,1657,2,120
1657,1658,2,120
1658,1659,2,120
1659,1660,2,120
1660,1661,2,60
1661,1662,2,120
1662,1663,2,480
1663,1664,2,120
1664,1665,2,60
1665,1666,2,60
1666,1667,2,120
1667,1668,2,120
1668,1669,2,60
1669,1670,2,180
1670,1671,2,120
1671,2640,2,60
2640,1672,2,60
1672,1673,2,180
1673,1674,2,60
1674,1675,2,60
1675,2641,2,120
2641,1676,2,60
1676,1677,2,120
1677,1678,2,60
1678,1679,2,120
1679,1680,2,120
1680,1681,2,180
1681,1682,2,60
1682,1683,2,60
1683,1684,2,120
1684,1685,2,180
1685,1686,2,120
1686,1687,2,120
1687,1688,2,120
1688,1689,2,60
1689,1690,2,60
1690,1691,2,60
1691,1692,2,120
1692,1693,2,60
1693,1694,2,60
1694,1695,2,60
1695,1696,2,60
1696,1697,2,60
1697,1698,2,60
1698,1699,2,60
1699,1700,2,120
1700,1701,2,60
1701,1702,2,60
1702,1703,2,60
1703,1704,2,60
1704,1705,2,60
1705,1706,2,60
1706,1707,2,120
1707,1708,2,120
1708,2642,2,60
2642,2643,2,60
2643,2644,2,60
2644,2645,2,120
2645,2646,2,60
2646,2647,2,120
2647,2648,2,60
2648,2649,2,60
2649,1584,2,240
2067,2068,2,60
2068,2069,2,120
2069,2070,2,60
2070,2071,2,60
2071,2072,2,120
2072,1455,2,60
3,955,2,120
955,956,2,120
956,957,2,60
957,958,2,60
958,959,2,60
959,960,2,60
960,961,2,60
961,962,2,60
962,963,2,120
963,964,2,60
964,965,2,120
965,966,2,60
966,967,2,60
967,968,2,60
968,969,2,60
969,970,2,120
970,971,2,60
971,972,2,60
972,973,2,60
973,974,2,120
974,975,2,120
975,976,2,60
976,977,2,120
977,924,2,180
924,979,2,120
979,980,2,120
980,981,2,60
981,259,2,60
1276,2163,2,120
2163,2164,2,60
2164,2165,2,60
2165,2133,2,60
470,471,2,60
471,472,2,180
472,473,2,60
473,474,2,180
474,475,2,120
475,476,2,120
476,477,2,120
477,478,2,180
380,484,2,60
484,485,2,60
485,486,2,60
486,487,2,60
487,488,2,180
488,489,2,60
489,490,2,60
490,491,2,60
491,492,2,60
492,493,2,60
493,494,2,60
494,495,2,60
495,496,2,60
496,497,2,0
497,498,2,60
498,422,2,60
425,499,2,120
499,500,2,60
500,501,2,60
501,502,2,60
502,503,2,60
503,504,2,60
2043,2044,2,60
2044,2045,2,60
2045,2046,2,60
2046,2147,2,60
2147,2148,2,60
2148,2149,2,60
2149,2150,2,60
2150,2151,2,60
2151,2152,2,60
2152,2153,2,60
2153,2154,2,60
2154,2155,2,60
2155,2156,2,120
2156,2157,2,60
2157,2158,2,120
2158,2159,2,120
2159,2160,2,120
2160,2161,2,120
2161,2162,2,60
2095,2009,2,60
2009,2010,2,60
2010,2011,2,60
2011,2012,2,60
2012,2096,2,60
2046,2047,2,60
2047,2048,2,120
2048,2049,2,180
2049,2050,2,60
2050,2051,2,60
2051,2052,2,60
2053,2054,2,60
2054,2055,2,60
2055,2056,2,60
2056,2057,2,60
2057,2058,2,120
2058,2059,2,60
2059,2060,2,60
2922,2923,2,120
2923,2799,2,180
2799,2924,2,240
2924,2925,2,120
2925,2801,2,240
2801,2926,2,120
2926,2478,2,120
2310,2802,2,240
2802,2803,2,120
2803,2804,2,240
2804,2805,2,180
2805,2806,2,180
2806,2807,2,540
2807,2808,2,180
2808,2809,2,120
2809,2810,2,120
2810,2548,2,420
2548,2811,2,60
2811,2812,2,420
2812,2813,2,180
2813,2814,2,180
2814,2815,2,180
2815,1214,2,180
1214,1216,2,240
1216,1221,2,420
1221,1224,2,240
1224,1225,2,240
1226,1228,2,180
521,1878,2,60
1878,1879,2,60
1879,1880,2,0
1880,1881,2,60
1881,1882,2,0
1882,1883,2,60
1883,1884,2,60
1884,1885,2,60
1885,1886,2,120
1886,1887,2,120
1887,1888,2,60
1888,1889,2,60
1889,1967,2,60
1967,1986,2,240
1986,1890,2,0
1890,1891,2,60
1891,1892,2,120
1892,1893,2,60
1893,1894,2,120
1894,1895,2,60
1895,1896,2,120
1896,1897,2,60
1897,1898,2,60
1898,1899,2,60
1899,1900,2,60
1900,1901,2,60
1901,1902,2,0
1902,1903,2,60
1903,1904,2,60
1904,1905,2,60
1905,1906,2,60
1906,1795,2,60
1272,2736,2,120
2736,2737,2,60
2737,2738,2,60
2738,2739,2,60
2739,2740,2,60
2740,2741,2,60
2741,2742,2,60
2742,2743,2,60
2743,2744,2,60
2744,2745,2,120
2745,2746,2,60
2746,2747,2,120
2747,2748,2,60
2748,2749,2,60
2749,2750,2,120
2750,2751,2,60
2751,2752,2,60
2752,2753,2,60
2753,2754,2,120
2754,2755,2,60
2755,2756,2,60
2756,2757,2,180
2757,2758,2,120
2758,2759,2,120
2759,2760,2,120
2760,2761,2,120
2761,2762,2,60
1651,2721,2,120
2721,2722,2,360
2722,2723,2,120
2723,2724,2,120
2724,2725,2,120
2725,2726,2,60
2726,2727,2,60
2727,2728,2,60
2728,2729,2,60
2729,2730,2,60
2730,2720,2,120
2720,2731,2,120
2731,2732,2,120
2732,2733,2,60
2733,2734,2,60
2734,2700,2,180
2700,2904,2,120
2904,2905,2,180
2905,2906,2,360
2906,2907,2,120
2907,2908,2,120
2908,2909,2,120
2909,2910,2,120
2910,2911,2,60
2911,2912,2,180
2912,2913,2,180
2913,2914,2,60
2914,2915,2,300
2915,2916,2,120
2916,2917,2,120
2917,2889,2,180
2889,2918,2,120
2918,2919,2,120
2919,2920,2,120
2920,2921,2,60
2921,2884,2,60
295,1464,2,180
1464,1465,2,120
1465,1466,2,60
1466,1467,2,60
1467,1468,2,120
1468,1469,2,120
1469,1470,2,60
1470,1471,2,240
1471,1472,2,60
1472,1473,2,120
1473,1474,2,120
1474,1475,2,120
1475,602,2,180
602,1476,2,120
1476,1477,2,60
1477,1478,2,60
1478,1479,2,60
1479,1480,2,60
1480,1793,2,60
1793,1481,2,120
1481,1482,2,60
1482,1483,2,60
1483,1484,2,60
1484,1485,2,60
1485,1794,2,120
1794,1486,2,120
1486,1487,2,120
1487,1488,2,60
1488,1489,2,240
1489,1490,2,120
1490,1491,2,60
1491,1492,2,60
1492,2531,2,120
2531,1493,2,120
1493,2532,2,120
2532,2533,2,120
2533,2534,2,60
2534,2535,2,60
2535,2536,2,60
2536,2537,2,60
2537,2538,2,120
2538,2539,2,60
2539,2540,2,120
2540,2541,2,60
2541,2542,2,60
2542,2543,2,60
2543,2544,2,60
2544,2545,2,60
2545,2546,2,60
2546,2547,2,60
2547,2504,2,60
774,775,2,120
775,776,2,120
776,777,2,120
777,778,2,120
778,779,2,180
779,768,2,120
768,780,2,60
780,781,2,60
781,782,2,180
782,783,2,120
783,784,2,60
784,785,2,120
785,786,2,120
786,787,2,180
787,788,2,60
788,789,2,60
789,790,2,60
790,791,2,60
791,792,2,60
792,793,2,60
793,794,2,60
794,795,2,120
795,796,2,60
796,797,2,120
797,798,2,60
798,799,2,60
799,800,2,60
800,801,2,60
801,802,2,60
802,803,2,60
803,804,2,60
804,805,2,60
805,806,2,60
806,807,2,60
807,702,2,60
703,701,2,120
2275,2276,2,60
2276,2277,2,60
2277,2278,2,60
2278,2279,2,120
2279,2280,2,60
2280,2281,2,60
2281,2282,2,60
2282,2283,2,60
2283,2284,2,60
2284,2285,2,60
2285,2286,2,60
2286,2287,2,60
2287,2288,2,120
2293,2294,2,60
2294,2295,2,60
2295,2296,2,60
2296,2297,2,120
2297,2298,2,60
2298,2299,2,120
2299,2300,2,180
2300,2301,2,120
2301,2302,2,120
2302,2303,2,180
2303,2304,2,60
2304,2305,2,60
2305,2306,2,60
2306,2307,2,60
2307,2308,2,60
1523,1270,2,120
1270,1782,2,540
1782,1132,2,1020
1132,1783,2,660
1783,1784,2,420
1784,1087,2,600
1087,1090,2,300
1090,1785,2,540
1785,1786,2,180
1786,739,2,600
739,703,2,120
703,698,2,60
699,701,2,60
1943,1944,2,120
1944,1945,2,60
1945,1946,2,180
1946,1947,2,60
1947,1948,2,60
1948,1949,2,60
1949,1950,2,60
1950,1951,2,120
1951,1952,2,120
1952,1953,2,120
1953,1954,2,60
1954,1955,2,120
1955,1956,2,60
1956,1957,2,60
1957,1958,2,60
1958,1230,2,60
1230,1231,2,120
1231,1232,2,60
1232,1233,2,60
1233,1234,2,60
1234,1235,2,60
1235,1236,2,120
1236,1237,2,60
1237,1238,2,60
1238,1239,2,120
1239,1240,2,120
1240,1241,2,60
1241,1242,2,120
1242,1243,2,60
1243,1244,2,60
1244,1245,2,60
1245,1246,2,60
1246,1247,2,60
1247,1248,2,60
1248,1249,2,60
1249,1250,2,60
1250,1251,2,60
1251,1252,2,60
1252,1253,2,60
1253,1254,2,60
1254,1255,2,60
1255,1256,2,120
1256,2225,2,120
2225,1257,2,120
1257,1258,2,120
1258,1259,2,60
1259,1260,2,120
1260,1261,2,120
1261,1262,2,120
1262,1263,2,60
1263,1264,2,120
1264,1265,2,120
1265,1266,2,120
1266,1267,2,180
1267,1268,2,60
1268,1269,2,60
1269,2706,2,180
2884,2885,2,60
2885,2886,2,60
2886,2887,2,120
2887,2888,2,120
2888,2889,2,120
2889,2890,2,180
2890,2891,2,120
2891,2892,2,120
2892,2893,2,300
2893,2894,2,60
2894,2895,2,180
2895,2896,2,180
2896,2897,2,60
2897,2898,2,120
2898,2899,2,120
2899,2900,2,120
2900,2901,2,120
2901,2902,2,360
2902,2903,2,180
2903,2700,2,120
2700,2701,2,180
2701,2702,2,60
2702,2703,2,60
2703,2704,2,120
2704,2705,2,60
2705,2706,2,60
2706,2707,2,120
2707,2708,2,60
2708,2709,2,120
2709,2710,2,60
2710,2711,2,60
2711,2712,2,60
2712,2713,2,120
2713,2714,2,120
2714,2715,2,120
2715,1779,2,420
2012,2013,2,120
1369,1370,2,60
1370,1371,2,60
1371,1372,2,60
1372,1373,2,60
1373,1374,2,60
1374,1375,2,60
1375,1376,2,60
1376,1377,2,60
1377,1918,2,60
1918,1919,2,60
1919,1920,2,60
1920,1921,2,60
1921,1922,2,60
1922,1382,2,60
1382,1383,2,60
1383,1384,2,120
1384,1385,2,60
1385,1386,2,60
1386,1387,2,300
1387,1388,2,120
1388,1389,2,60
1389,1390,2,120
1390,1347,2,120
1347,1391,2,180
1391,1392,2,60
1392,1393,2,60
1393,1394,2,120
1394,1395,2,60
1395,1396,2,120
1396,1397,2,60
1397,1398,2,120
1398,1399,2,120
1399,1400,2,60
1400,1401,2,60
1401,1402,2,60
1402,1403,2,60
1403,1404,2,60
1404,1405,2,60
1405,1406,2,60
1406,1407,2,60
1407,1408,2,120
1408,1409,2,120
1409,1410,2,120
1410,1411,2,120
1411,1412,2,60
1412,1413,2,120
1413,1414,2,60
1414,1415,2,60
1415,1416,2,60
1416,1417,2,120
1417,1319,2,180
1319,1418,2,60
1418,1419,2,60
1419,1420,2,60
1420,1421,2,60
1421,1422,2,60
1422,1423,2,120
1423,1424,2,60
1424,1425,2,120
1425,1426,2,180
1426,1309,2,60
1309,1427,2,120
1427,1428,2,120
1428,1429,2,120
1429,1430,2,60
1430,1431,2,60
1431,1432,2,60
1432,2446,2,60
2447,1433,2,120
1433,1434,2,120
1434,1435,2,60
1435,1436,2,120
1436,1437,2,60
1437,1438,2,60
1438,1439,2,60
1439,1440,2,60
1440,1441,2,120
1441,1293,2,120
1293,1442,2,120
1442,1443,2,120
1443,1444,2,60
1444,1445,2,120
1445,1446,2,60
1446,1447,2,120
1447,1448,2,60
402,403,2,120
545,596,2,120
596,597,2,120
597,598,2,60
598,599,2,60
599,600,2,60
600,601,2,60
601,602,2,60
602,603,2,120
603,604,2,60
604,605,2,60
605,606,2,60
606,607,2,180
607,583,2,120
583,608,2,60
608,609,2,120
609,610,2,60
610,611,2,60
611,612,2,60
612,613,2,60
613,614,2,60
614,615,2,60
615,616,2,120
616,617,2,60
617,618,2,60
618,619,2,120
619,620,2,60
620,621,2,60
621,622,2,60
622,623,2,60
623,624,2,60
624,625,2,120
625,626,2,60
626,627,2,120
627,628,2,120
628,629,2,120
629,630,2,60
2212,2213,2,1680
2489,2650,2,60
2650,2651,2,60
2651,2652,2,60
2652,2653,2,60
2653,2491,2,60
2504,2505,2,60
2505,2506,2,60
2506,2507,2,60
2507,2508,2,60
2508,2509,2,60
2509,2510,2,60
2510,2511,2,60
2511,2512,2,120
2512,2513,2,60
2513,2514,2,120
2514,2515,2,60
2515,2516,2,60
2516,2517,2,60
2517,2518,2,60
2518,2519,2,120
2519,1493,2,120
1493,1495,2,60
1495,1496,2,180
1496,1497,2,60
1497,1498,2,60
1498,1499,2,120
1499,1500,2,240
1500,1501,2,60
1501,1502,2,60
1502,1791,2,120
1791,1503,2,120
1503,1504,2,60
1504,1505,2,60
1505,1506,2,60
1506,1507,2,60
1507,1792,2,120
1792,1508,2,60
1508,1509,2,60
1509,1510,2,60
1510,1511,2,60
1511,588,2,60
589,1512,2,180
1512,1513,2,60
1513,1514,2,120
1514,1515,2,120
1515,1516,2,120
1516,1517,2,180
1517,1518,2,120
1518,1519,2,120
1519,1520,2,180
1520,1521,2,60
1521,1522,2,60
1522,661,2,120
2294,2654,2,60
2654,2655,2,60
2655,2656,2,60
2656,2657,2,60
2657,2489,2,60
817,818,2,180
818,819,2,60
819,820,2,120
820,821,2,60
821,822,2,60
822,823,2,60
823,824,2,60
824,825,2,60
825,826,2,60
826,827,2,60
827,828,2,120
828,829,2,60
829,830,2,60
830,1990,2,60
1990,831,2,60
831,832,2,60
832,833,2,60
833,834,2,60
834,835,2,120
835,836,2,120
836,837,2,60
837,838,2,60
838,839,2,60
839,840,2,60
840,841,2,60
841,842,2,60
842,843,2,120
843,844,2,60
844,845,2,60
845,846,2,120
846,847,2,60
847,848,2,180
848,849,2,60
849,850,2,60
850,851,2,60
2938,2212,2,900
700,738,2,60
738,739,2,60
739,697,2,120
699,741,2,60
741,742,2,60
742,743,2,60
743,744,2,60
744,745,2,60
745,746,2,60
746,747,2,60
747,748,2,60
748,749,2,60
749,750,2,60
750,751,2,120
751,752,2,60
752,753,2,120
753,754,2,60
754,755,2,60
755,756,2,60
756,757,2,60
757,758,2,60
758,759,2,60
759,760,2,60
760,761,2,60
761,762,2,180
762,763,2,120
763,764,2,180
764,765,2,60
765,766,2,120
766,767,2,180
767,768,2,120
768,769,2,120
769,770,2,180
770,771,2,60
771,772,2,120
772,773,2,120
773,774,2,120
2938,2982,2,60
2982,2960,2,120
2960,2959,2,420
2959,2212,2,840
2212,2938,2,900
155,982,2,60
982,983,2,60
983,984,2,60
984,985,2,120
985,924,2,180
924,986,2,120
986,987,2,120
987,988,2,60
988,989,2,120
989,990,2,120
990,991,2,60
991,992,2,120
992,993,2,60
993,994,2,120
994,995,2,60
995,996,2,60
996,997,2,60
997,998,2,120
998,999,2,60
999,1000,2,60
1000,1001,2,120
1001,1002,2,60
1002,1003,2,60
1003,1004,2,60
1004,1005,2,60
1005,1006,2,60
1006,1007,2,60
1007,44,2,120
44,45,2,120
2212,2959,2,420
2959,2960,2,420
2960,2961,2,120
2961,2938,2,240
2375,2448,2,60
2448,2449,2,60
2449,2450,2,60
2450,2451,2,60
2451,2452,2,60
2452,2453,2,60
2453,2454,2,60
2454,2455,2,60
2455,2456,2,60
2456,2457,2,60
2457,2691,2,120
2691,2458,2,120
2458,2459,2,180
2459,2460,2,60
2460,2461,2,60
2461,1852,2,60
1852,1853,2,60
1853,1854,2,60
1854,1855,2,60
1855,1856,2,60
1856,1857,2,60
1857,1858,2,60
1858,1859,2,60
1859,1842,2,120
1842,1843,2,60
1843,1844,2,60
1844,1860,2,180
1860,1861,2,60
1861,1862,2,120
1862,1863,2,120
1863,1864,2,120
1864,1865,2,60
1865,1866,2,60
1866,1867,2,60
1867,1868,2,60
1868,1869,2,120
1869,2462,2,60
2462,2463,2,60
2463,2464,2,60
2464,2465,2,60
2465,2466,2,60
2466,2467,2,60
2467,2468,2,60
2468,686,2,60
714,2353,2,60
2353,2354,2,60
2354,2355,2,60
2355,2356,2,60
2356,2357,2,60
2357,2358,2,60
2358,2359,2,60
2359,1832,2,60
1832,1833,2,120
1833,1834,2,60
1834,1835,2,60
1835,1836,2,60
1836,1837,2,60
1837,1838,2,120
1838,1839,2,120
1839,1840,2,120
1840,1841,2,60
1841,1842,2,180
1844,1845,2,180
1845,1846,2,60
1846,1847,2,60
1847,1848,2,60
1848,1849,2,60
1849,1850,2,60
1850,1851,2,60
1851,2360,2,60
2360,2361,2,60
2361,2362,2,60
2362,2363,2,60
2363,2364,2,180
2364,2691,2,120
2691,2365,2,120
2365,2366,2,60
2366,2367,2,60
2367,2368,2,60
2368,2369,2,60
2369,2370,2,60
2370,2371,2,60
2371,2372,2,60
2372,2373,2,60
2373,2374,2,60
2374,2375,2,60
290,286,2,3600
210,208,2,900
286,210,2,900
210,286,2,900
286,290,2,3600
293,290,2,2100
290,287,2,2100
2256,25,2,780
25,2256,2,780
