route_id,service_id,trip_id,trip_headsign,trip_short_name,direction_id,block_id,shape_id,wheelchair_accessible
244,1,1,,,1,1,1,
315,2,2,,,0,2,2,
161,3,3,,,0,3,3,
233,4,4,,,1,4,4,
167,5,5,,,1,5,5,
233,6,6,,,1,6,4,
316,7,7,,,1,7,6,
307,8,8,,,1,8,7,
259,9,9,,,0,9,8,
336,10,10,,,0,10,9,
237,11,11,,,1,11,10,
291,12,12,,,0,12,11,
258,13,13,,,1,13,12,
18,14,14,,,0,14,13,
167,15,15,,,1,15,5,
280,16,16,,,0,16,14,
225,17,17,,,1,17,15,
324,18,18,,,1,18,16,
245,19,19,,,0,19,17,
210,20,20,,,0,20,18,
295,21,21,,,0,21,19,
307,22,22,,,1,22,7,
303,23,23,,,0,23,20,
291,24,24,,,0,24,11,
208,25,25,,,1,25,21,
320,26,26,,,0,7,22,
186,27,27,,,0,26,23,
208,28,28,,,1,25,21,
19,29,29,,,1,27,24,
318,30,30,,,0,28,25,
233,31,31,,,1,29,4,
307,32,32,,,1,30,7,
249,33,33,,,0,4,26,
332,34,34,,,0,31,27,
109,35,35,,,0,32,28,
185,36,36,,,1,33,29,
332,37,37,,,0,34,27,
295,38,38,,,0,16,19,
307,39,39,,,1,30,7,
332,40,40,,,0,35,27,
314,41,41,,,1,2,30,
144,42,42,,,0,36,31,
324,43,43,,,1,18,16,
228,44,44,,,1,37,32,
290,45,45,,,1,38,33,
303,46,46,,,0,39,20,
23,47,47,,,1,40,34,
233,48,48,,,1,41,4,
267,49,49,,,0,42,35,
256,50,50,,,0,43,36,
290,51,51,,,1,44,33,
280,52,52,,,0,45,14,
314,53,53,,,1,46,30,
335,54,54,,,1,31,37,
326,55,55,,,0,47,38,
280,56,56,,,0,45,14,
19,57,57,,,1,45,24,
255,58,58,,,1,28,39,
307,59,59,,,1,48,7,
307,60,60,,,1,48,7,
330,61,61,,,1,49,40,
323,62,62,,,0,50,41,
23,63,63,,,1,51,34,
307,64,64,,,1,22,7,
258,65,65,,,1,52,12,
180,66,66,,,0,8,42,
249,67,67,,,0,41,26,
307,68,68,,,1,53,7,
232,69,69,,,0,46,43,
209,70,70,,,0,41,44,
335,71,71,,,1,31,37,
290,72,72,,,1,33,33,
24,73,73,,,1,54,45,
314,74,74,,,1,55,30,
337,75,75,,,1,56,46,
313,76,76,,,0,57,47,
313,77,77,,,0,28,47,
291,78,78,,,0,58,11,
280,79,79,,,0,44,14,
23,80,80,,,1,59,34,
217,81,81,,,1,60,48,
208,82,82,,,1,61,21,
259,83,83,,,0,62,8,
151,84,84,,,1,4,49,
275,85,85,,,1,27,50,
341,86,86,,,1,9,51,
167,87,87,,,1,63,5,
167,88,88,,,1,63,5,
290,89,89,,,1,64,33,
233,90,90,,,1,65,4,
19,91,91,,,1,66,24,
241,92,92,,,1,67,52,
330,93,93,,,1,68,40,
228,94,94,,,1,69,32,
147,95,95,,,1,70,53,
209,96,96,,,0,61,44,
208,97,97,,,1,61,21,
232,98,98,,,0,71,43,
228,99,99,,,1,19,32,
23,100,100,,,1,40,34,
250,101,101,,,1,36,54,
255,102,102,,,1,36,39,
280,103,103,,,0,26,14,
318,104,104,,,0,28,25,
150,105,105,,,0,72,55,
271,106,106,,,1,42,56,
233,107,107,,,1,41,4,
109,108,108,,,0,73,28,
240,109,109,,,1,74,57,
288,110,110,,,1,75,58,
297,111,111,,,0,76,59,
186,112,112,,,0,66,23,
315,113,113,,,0,2,2,
253,114,114,,,0,67,60,
323,115,115,,,0,77,41,
315,116,116,,,0,78,2,
299,117,117,,,0,75,61,
18,118,118,,,0,79,13,
326,119,119,,,0,80,38,
19,120,120,,,1,81,24,
314,121,121,,,1,55,30,
233,122,122,,,1,6,4,
186,123,123,,,0,64,23,
217,124,124,,,1,60,48,
249,125,125,,,0,82,26,
161,126,126,,,0,82,3,
302,127,127,,,1,12,62,
168,128,128,,,1,83,63,
324,129,129,,,1,77,16,
147,130,130,,,1,70,53,
332,131,131,,,0,35,27,
147,132,132,,,1,4,53,
275,133,133,,,1,33,50,
233,134,134,,,1,72,4,
313,135,135,,,0,84,47,
233,136,136,,,1,4,4,
288,137,137,,,1,85,58,
255,138,138,,,1,86,39,
292,139,139,,,1,85,64,
262,140,140,,,0,13,65,
240,141,141,,,1,74,57,
208,142,142,,,1,87,21,
128,143,143,,,0,88,66,
288,144,144,,,1,89,58,
161,145,145,,,0,90,3,
249,146,146,,,0,41,26,
233,147,147,,,1,41,4,
314,148,148,,,1,91,30,
255,149,149,,,1,92,39,
255,150,150,,,1,93,39,
326,151,151,,,0,94,38,
315,152,152,,,0,46,2,
180,153,153,,,0,22,42,
228,154,154,,,1,95,32,
228,155,155,,,1,96,32,
249,156,156,,,0,6,26,
292,157,157,,,1,39,64,
233,158,158,,,1,6,4,
255,159,159,,,1,91,39,
336,160,160,,,0,97,9,
280,161,161,,,0,45,14,
255,162,162,,,1,98,39,
217,163,163,,,1,20,48,
250,164,164,,,1,99,54,
304,165,165,,,1,100,67,
244,166,166,,,1,101,1,
208,167,167,,,1,4,21,
171,168,168,,,1,3,68,
144,169,169,,,0,36,31,
336,170,170,,,0,37,9,
337,171,171,,,1,56,46,
262,172,172,,,0,102,65,
233,173,173,,,1,84,4,
297,174,174,,,0,103,59,
240,175,175,,,1,74,57,
22,176,176,,,0,59,69,
144,177,177,,,0,90,31,
171,178,178,,,1,15,68,
145,179,179,,,1,63,70,
323,180,180,,,0,18,41,
242,181,181,,,1,29,71,
307,182,182,,,1,30,7,
180,183,183,,,0,104,42,
250,184,184,,,1,67,54,
311,185,185,,,0,57,72,
19,186,186,,,1,81,24,
323,187,187,,,0,50,41,
337,188,188,,,1,69,46,
299,189,189,,,0,75,61,
275,190,190,,,1,45,50,
151,191,191,,,1,90,49,
259,192,192,,,0,9,8,
337,193,193,,,1,100,46,
280,194,194,,,0,105,14,
268,195,195,,,1,84,73,
242,196,196,,,1,90,71,
324,197,197,,,1,18,16,
297,198,198,,,0,106,59,
151,199,199,,,1,93,49,
341,200,200,,,1,107,51,
245,201,201,,,0,19,17,
127,202,202,,,1,3,74,
325,203,203,,,1,108,75,
233,204,204,,,1,57,4,
250,205,205,,,1,4,54,
114,206,206,,,1,73,76,
293,207,207,,,0,49,77,
22,208,208,,,0,40,69,
318,209,209,,,0,86,25,
299,210,210,,,0,39,61,
250,211,211,,,1,29,54,
253,212,212,,,0,67,60,
167,213,213,,,1,3,5,
297,214,214,,,0,109,59,
258,215,215,,,1,110,12,
232,216,216,,,0,71,43,
326,217,217,,,0,111,38,
185,218,218,,,1,112,29,
18,219,219,,,0,113,13,
209,220,220,,,0,25,44,
311,221,221,,,0,114,72,
249,222,222,,,0,82,26,
295,223,223,,,0,21,19,
114,224,224,,,1,32,76,
167,225,225,,,1,5,5,
19,226,226,,,1,27,24,
322,227,227,,,1,115,78,
251,228,228,,,0,116,79,
313,229,229,,,0,92,47,
240,230,230,,,1,71,57,
171,231,231,,,1,65,68,
185,232,232,,,1,44,29,
255,233,233,,,1,114,39,
288,234,234,,,1,12,58,
290,235,235,,,1,16,33,
237,236,236,,,1,117,10,
161,237,237,,,0,15,3,
228,238,238,,,1,96,32,
249,239,239,,,0,6,26,
315,240,240,,,0,46,2,
128,241,241,,,0,36,66,
290,242,242,,,1,26,33,
275,243,243,,,1,45,50,
208,244,244,,,1,61,21,
259,245,245,,,0,107,8,
280,246,246,,,0,66,14,
295,247,247,,,0,118,19,
208,248,248,,,1,4,21,
255,249,249,,,1,98,39,
314,250,250,,,1,46,30,
232,251,251,,,0,101,43,
295,252,252,,,0,21,19,
19,253,253,,,1,113,24,
209,254,254,,,0,87,44,
31,255,255,,,1,119,80,
161,256,256,,,0,90,3,
109,257,257,,,0,32,28,
161,258,258,,,0,74,3,
249,259,259,,,0,6,26,
318,260,260,,,0,98,25,
288,261,261,,,1,89,58,
288,262,262,,,1,120,58,
330,263,263,,,1,121,40,
330,264,264,,,1,68,40,
253,265,265,,,0,36,60,
209,266,266,,,0,25,44,
244,267,267,,,1,1,1,
180,268,268,,,0,22,42,
167,269,269,,,1,15,5,
224,270,270,,,0,122,81,
256,271,271,,,0,123,36,
225,272,272,,,1,124,15,
233,273,273,,,1,41,4,
288,274,274,,,1,75,58,
208,275,275,,,1,25,21,
292,276,276,,,1,12,64,
258,277,277,,,1,13,12,
147,278,278,,,1,88,53,
147,279,279,,,1,70,53,
242,280,280,,,1,65,71,
335,281,281,,,1,125,37,
275,282,282,,,1,66,50,
18,283,283,,,0,113,13,
19,284,284,,,1,81,24,
209,285,285,,,0,61,44,
249,286,286,,,0,6,26,
24,287,287,,,1,126,45,
280,288,288,,,0,27,14,
303,289,289,,,0,120,20,
68,290,290,,,1,127,82,
109,291,291,,,0,73,28,
167,292,292,,,1,3,5,
341,293,293,,,1,62,51,
245,294,294,,,0,96,17,
325,295,295,,,1,47,75,
324,296,296,,,1,50,16,
315,297,297,,,0,91,2,
145,298,298,,,1,72,70,
168,299,299,,,1,128,63,
210,300,300,,,0,129,18,
249,301,301,,,0,29,26,
250,302,302,,,1,99,54,
217,303,303,,,1,20,48,
275,304,304,,,1,38,50,
18,305,305,,,0,21,13,
180,306,306,,,0,112,42,
144,307,307,,,0,6,31,
316,308,308,,,1,130,6,
24,309,309,,,1,131,45,
160,310,310,,,0,132,83,
337,311,311,,,1,133,46,
128,312,312,,,0,91,66,
161,313,313,,,0,70,3,
147,314,314,,,1,70,53,
209,315,315,,,0,134,44,
208,316,316,,,1,87,21,
336,317,317,,,0,69,9,
307,318,318,,,1,135,7,
292,319,319,,,1,89,64,
256,320,320,,,0,136,36,
292,321,321,,,1,23,64,
303,322,322,,,0,12,20,
313,323,323,,,0,57,47,
302,324,324,,,1,23,62,
244,325,325,,,1,71,1,
210,326,326,,,0,60,18,
151,327,327,,,1,29,49,
180,328,328,,,0,22,42,
167,329,329,,,1,15,5,
127,330,330,,,1,137,74,
320,331,331,,,0,120,22,
171,332,332,,,1,90,68,
242,333,333,,,1,65,71,
150,334,334,,,0,63,55,
314,335,335,,,1,55,30,
217,336,336,,,1,20,48,
321,337,337,,,0,115,84,
225,338,338,,,1,136,15,
23,339,339,,,1,138,34,
18,340,340,,,0,81,13,
318,341,341,,,0,114,25,
337,342,342,,,1,133,46,
209,343,343,,,0,87,44,
290,344,344,,,1,66,33,
318,345,345,,,0,98,25,
291,346,346,,,0,139,11,
297,347,347,,,0,103,59,
233,348,348,,,1,57,4,
249,349,349,,,0,65,26,
180,350,350,,,0,48,42,
293,351,351,,,0,68,77,
249,352,352,,,0,41,26,
109,353,353,,,0,32,28,
280,354,354,,,0,14,14,
185,355,355,,,1,64,29,
275,356,356,,,1,118,50,
171,357,357,,,1,90,68,
244,358,358,,,1,101,1,
320,359,359,,,0,58,22,
171,360,360,,,1,70,68,
241,361,361,,,1,57,52,
324,362,362,,,1,77,16,
147,363,363,,,1,99,53,
275,364,364,,,1,45,50,
171,365,365,,,1,74,68,
145,366,366,,,1,72,70,
302,367,367,,,1,12,62,
161,368,368,,,0,15,3,
241,369,369,,,1,82,52,
295,370,370,,,0,38,19,
259,371,371,,,0,9,8,
249,372,372,,,0,41,26,
280,373,373,,,0,33,14,
185,374,374,,,1,33,29,
319,375,375,,,0,93,85,
307,376,376,,,1,135,7,
19,377,377,,,1,113,24,
208,378,378,,,1,25,21,
289,379,379,,,0,117,86,
265,380,380,,,0,116,87,
255,381,381,,,1,57,39,
23,382,382,,,1,59,34,
180,383,383,,,0,30,42,
295,384,384,,,0,112,19,
18,385,385,,,0,113,13,
209,386,386,,,0,61,44,
233,387,387,,,1,93,4,
316,388,388,,,1,139,6,
255,389,389,,,1,93,39,
167,390,390,,,1,137,5,
22,391,391,,,0,51,69,
275,392,392,,,1,64,50,
114,393,393,,,1,140,76,
318,394,394,,,0,93,25,
233,395,395,,,1,57,4,
180,396,396,,,0,135,42,
280,397,397,,,0,118,14,
280,398,398,,,0,64,14,
245,399,399,,,0,96,17,
208,400,400,,,1,61,21,
151,401,401,,,1,84,49,
208,402,402,,,1,61,21,
23,403,403,,,1,138,34,
259,404,404,,,0,9,8,
295,405,405,,,0,33,19,
171,406,406,,,1,88,68,
210,407,407,,,0,60,18,
109,408,408,,,0,140,28,
335,409,409,,,1,34,37,
295,410,410,,,0,118,19,
280,411,411,,,0,64,14,
314,412,412,,,1,46,30,
233,413,413,,,1,6,4,
185,414,414,,,1,44,29,
336,415,415,,,0,100,9,
245,416,416,,,0,96,17,
25,417,417,,,0,131,88,
128,418,418,,,0,141,66,
341,419,419,,,1,9,51,
307,420,420,,,1,53,7,
19,421,421,,,1,113,24,
19,422,422,,,1,142,24,
22,423,423,,,0,40,69,
290,424,424,,,1,105,33,
335,425,425,,,1,34,37,
259,426,426,,,0,62,8,
209,427,427,,,0,25,44,
19,428,428,,,1,66,24,
147,429,429,,,1,57,53,
291,430,430,,,0,75,11,
147,431,431,,,1,15,53,
307,432,432,,,1,143,7,
209,433,433,,,0,134,44,
280,434,434,,,0,16,14,
314,435,435,,,1,55,30,
154,436,436,,,1,144,89,
332,437,437,,,0,31,27,
244,438,438,,,1,71,1,
208,439,439,,,1,134,21,
249,440,440,,,0,57,26,
318,441,441,,,0,78,25,
18,442,442,,,0,81,13,
264,443,443,,,1,4,90,
144,444,444,,,0,99,31,
303,445,445,,,0,39,20,
233,446,446,,,1,41,4,
330,447,447,,,1,121,40,
25,448,448,,,0,126,88,
341,449,449,,,1,107,51,
233,450,450,,,1,6,4,
315,451,451,,,0,46,2,
171,452,452,,,1,71,68,
243,453,453,,,1,145,91,
256,454,454,,,0,43,36,
290,455,455,,,1,112,33,
335,456,456,,,1,35,37,
232,457,457,,,0,84,43,
225,458,458,,,1,43,15,
24,459,459,,,1,131,45,
18,460,460,,,0,142,13,
266,461,461,,,0,90,92,
209,462,462,,,0,90,44,
208,463,463,,,1,61,21,
303,464,464,,,0,146,20,
289,465,465,,,0,147,86,
18,466,466,,,0,81,13,
302,467,467,,,1,24,62,
253,468,468,,,0,4,60,
291,469,469,,,0,146,11,
225,470,470,,,1,123,15,
244,471,471,,,1,46,1,
22,472,472,,,0,40,69,
335,473,473,,,1,35,37,
31,474,474,,,1,148,80,
300,475,475,,,1,76,93,
314,476,476,,,1,46,30,
186,477,477,,,0,112,23,
244,478,478,,,1,84,1,
25,479,479,,,0,54,88,
322,480,480,,,1,149,78,
302,481,481,,,1,24,62,
128,482,482,,,0,70,66,
280,483,483,,,0,16,14,
180,484,484,,,0,104,42,
225,485,485,,,1,123,15,
127,486,486,,,1,141,74,
249,487,487,,,0,6,26,
290,488,488,,,1,26,33,
255,489,489,,,1,114,39,
265,490,490,,,0,150,87,
337,491,491,,,1,10,46,
232,492,492,,,0,71,43,
337,493,493,,,1,37,46,
256,494,494,,,0,123,36,
295,495,495,,,0,44,19,
240,496,496,,,1,151,57,
300,497,497,,,1,103,93,
128,498,498,,,0,15,66,
245,499,499,,,0,19,17,
331,500,500,,,0,152,94,
249,501,501,,,0,84,26,
290,502,502,,,1,27,33,
161,503,503,,,0,65,3,
324,504,504,,,1,18,16,
320,505,505,,,0,23,22,
295,506,506,,,0,27,19,
241,507,507,,,1,86,52,
295,508,508,,,0,113,19,
314,509,509,,,1,78,30,
128,510,510,,,0,71,66,
180,511,511,,,0,135,42,
316,512,512,,,1,89,6,
314,513,513,,,1,2,30,
275,514,514,,,1,118,50,
267,515,515,,,0,42,35,
297,516,516,,,0,76,59,
243,517,517,,,1,145,91,
186,518,518,,,0,64,23,
290,519,519,,,1,118,33,
68,520,520,,,1,153,82,
297,521,521,,,0,106,59,
109,522,522,,,0,73,28,
292,523,523,,,1,39,64,
303,524,524,,,0,12,20,
337,525,525,,,1,154,46,
209,526,526,,,0,25,44,
244,527,527,,,1,71,1,
300,528,528,,,1,109,93,
210,529,529,,,0,155,18,
291,530,530,,,0,24,11,
233,531,531,,,1,41,4,
255,532,532,,,1,86,39,
295,533,533,,,0,44,19,
237,534,534,,,1,134,10,
167,535,535,,,1,70,5,
324,536,536,,,1,50,16,
180,537,537,,,0,53,42,
180,538,538,,,0,143,42,
318,539,539,,,0,82,25,
321,540,540,,,0,115,84,
224,541,541,,,0,122,81,
301,542,542,,,0,148,95,
232,543,543,,,0,101,43,
208,544,544,,,1,25,21,
19,545,545,,,1,79,24,
19,546,546,,,1,118,24,
330,547,547,,,1,68,40,
242,548,548,,,1,92,71,
23,549,549,,,1,59,34,
280,550,550,,,0,118,14,
259,551,551,,,0,9,8,
18,552,552,,,0,156,13,
297,553,553,,,0,109,59,
264,554,554,,,1,78,90,
208,555,555,,,1,90,21,
318,556,556,,,0,25,25,
259,557,557,,,0,9,8,
322,558,558,,,1,115,78,
147,559,559,,,1,71,53,
280,560,560,,,0,14,14,
336,561,561,,,0,37,9,
341,562,562,,,1,62,51,
114,563,563,,,1,32,76,
336,564,564,,,0,133,9,
323,565,565,,,0,18,41,
292,566,566,,,1,12,64,
18,567,567,,,0,142,13,
262,568,568,,,0,102,65,
316,569,569,,,1,120,6,
291,570,570,,,0,23,11,
217,571,571,,,1,129,48,
275,572,572,,,1,14,50,
18,573,573,,,0,113,13,
186,574,574,,,0,26,23,
31,575,575,,,1,148,80,
22,576,576,,,0,59,69,
185,577,577,,,1,14,29,
186,578,578,,,0,33,23,
280,579,579,,,0,66,14,
256,580,580,,,0,17,36,
318,581,581,,,0,98,25,
292,582,582,,,1,120,64,
224,583,583,,,0,74,81,
300,584,584,,,1,76,93,
341,585,585,,,1,62,51,
147,586,586,,,1,57,53,
271,587,587,,,1,157,56,
240,588,588,,,1,151,57,
295,589,589,,,0,44,19,
228,590,590,,,1,96,32,
127,591,591,,,1,90,74,
19,592,592,,,1,81,24,
31,593,593,,,1,148,80,
300,594,594,,,1,106,93,
209,595,595,,,0,88,44,
316,596,596,,,1,58,6,
262,597,597,,,0,52,65,
150,598,598,,,0,72,55,
295,599,599,,,0,105,19,
290,600,600,,,1,112,33,
293,601,601,,,0,121,77,
259,602,602,,,0,9,8,
290,603,603,,,1,16,33,
336,604,604,,,0,154,9,
280,605,605,,,0,33,14,
291,606,606,,,0,120,11,
180,607,607,,,0,53,42,
232,608,608,,,0,101,43,
336,609,609,,,0,100,9,
301,610,610,,,0,148,95,
151,611,611,,,1,36,49,
180,612,612,,,0,53,42,
241,613,613,,,1,114,52,
19,614,614,,,1,79,24,
301,615,615,,,0,119,95,
295,616,616,,,0,26,19,
262,617,617,,,0,158,65,
180,618,618,,,0,48,42,
249,619,619,,,0,88,26,
332,620,620,,,0,125,27,
224,621,621,,,0,74,81,
22,622,622,,,0,51,69,
262,623,623,,,0,159,65,
267,624,624,,,0,157,35,
24,625,625,,,1,126,45,
245,626,626,,,0,133,17,
240,627,627,,,1,137,57,
210,628,628,,,0,20,18,
307,629,629,,,1,48,7,
307,630,630,,,1,143,7,
301,631,631,,,0,160,95,
299,632,632,,,0,23,61,
233,633,633,,,1,6,4,
168,634,634,,,1,132,63,
337,635,635,,,1,97,46,
161,636,636,,,0,90,3,
307,637,637,,,1,104,7,
291,638,638,,,0,139,11,
18,639,639,,,0,79,13,
258,640,640,,,1,102,12,
297,641,641,,,0,76,59,
302,642,642,,,1,120,62,
290,643,643,,,1,21,33,
295,644,644,,,0,16,19,
185,645,645,,,1,118,29,
151,646,646,,,1,36,49,
249,647,647,,,0,93,26,
168,648,648,,,1,132,63,
249,649,649,,,0,41,26,
295,650,650,,,0,27,19,
19,651,651,,,1,81,24,
332,652,652,,,0,31,27,
335,653,653,,,1,125,37,
233,654,654,,,1,91,4,
180,655,655,,,0,143,42,
326,656,656,,,0,80,38,
249,657,657,,,0,6,26,
307,658,658,,,1,135,7,
295,659,659,,,0,118,19,
167,660,660,,,1,87,5,
180,661,661,,,0,143,42,
337,662,662,,,1,69,46,
255,663,663,,,1,88,39,
255,664,664,,,1,28,39,
337,665,665,,,1,154,46,
245,666,666,,,0,96,17,
297,667,667,,,0,76,59,
303,668,668,,,0,85,20,
324,669,669,,,1,18,16,
262,670,670,,,0,13,65,
180,671,671,,,0,135,42,
217,672,672,,,1,129,48,
265,673,673,,,0,150,87,
320,674,674,,,0,58,22,
318,675,675,,,0,88,25,
275,676,676,,,1,33,50,
304,677,677,,,1,56,67,
295,678,678,,,0,64,19,
224,679,679,,,0,151,81,
280,680,680,,,0,142,14,
293,681,681,,,0,49,77,
23,682,682,,,1,51,34,
208,683,683,,,1,61,21,
303,684,684,,,0,89,20,
262,685,685,,,0,110,65,
280,686,686,,,0,45,14,
302,687,687,,,1,139,62,
330,688,688,,,1,49,40,
145,689,689,,,1,72,70,
209,690,690,,,0,61,44,
255,691,691,,,1,91,39,
209,692,692,,,0,41,44,
167,693,693,,,1,141,5,
299,694,694,,,0,120,61,
208,695,695,,,1,25,21,
293,696,696,,,0,121,77,
209,697,697,,,0,25,44,
315,698,698,,,0,55,2,
209,699,699,,,0,4,44,
245,700,700,,,0,31,17,
209,701,701,,,0,61,44,
161,702,702,,,0,90,3,
160,703,703,,,0,128,83,
315,704,704,,,0,2,2,
18,705,705,,,0,81,13,
232,706,706,,,0,71,43,
167,707,707,,,1,87,5,
336,708,708,,,0,133,9,
208,709,709,,,1,4,21,
324,710,710,,,1,50,16,
151,711,711,,,1,67,49,
307,712,712,,,1,135,7,
185,713,713,,,1,66,29,
232,714,714,,,0,101,43,
280,715,715,,,0,64,14,
253,716,716,,,0,99,60,
151,717,717,,,1,36,49,
225,718,718,,,1,17,15,
255,719,719,,,1,78,39,
302,720,720,,,1,58,62,
320,721,721,,,0,130,22,
289,722,722,,,0,134,86,
318,723,723,,,0,93,25,
325,724,724,,,1,108,75,
19,725,725,,,1,81,24,
233,726,726,,,1,87,4,
307,727,727,,,1,161,7,
233,728,728,,,1,4,4,
233,729,729,,,1,6,4,
167,730,730,,,1,63,5,
160,731,731,,,0,83,83,
335,732,732,,,1,125,37,
128,733,733,,,0,99,66,
167,734,734,,,1,99,5,
160,735,735,,,0,83,83,
161,736,736,,,0,67,3,
185,737,737,,,1,105,29,
300,738,738,,,1,76,93,
337,739,739,,,1,100,46,
303,740,740,,,0,89,20,
186,741,741,,,0,105,23,
180,742,742,,,0,48,42,
292,743,743,,,1,75,64,
127,744,744,,,1,3,74,
185,745,745,,,1,45,29,
315,746,746,,,0,55,2,
253,747,747,,,0,36,60,
19,748,748,,,1,81,24,
208,749,749,,,1,87,21,
167,750,750,,,1,15,5,
315,751,751,,,0,2,2,
307,752,752,,,1,48,7,
300,753,753,,,1,103,93,
341,754,754,,,1,162,51,
208,755,755,,,1,41,21,
19,756,756,,,1,156,24,
18,757,757,,,0,38,13,
330,758,758,,,1,49,40,
209,759,759,,,0,87,44,
325,760,760,,,1,94,75,
307,761,761,,,1,161,7,
280,762,762,,,0,64,14,
302,763,763,,,1,146,62,
337,764,764,,,1,69,46,
318,765,765,,,0,92,25,
31,766,766,,,1,160,80,
160,767,767,,,0,132,83,
340,768,768,,,0,163,96,
144,769,769,,,0,67,31,
224,770,770,,,0,122,81,
147,771,771,,,1,36,53,
228,772,772,,,1,95,32,
341,773,773,,,1,9,51,
242,774,774,,,1,93,71,
224,775,775,,,0,71,81,
144,776,776,,,0,78,31,
255,777,777,,,1,114,39,
280,778,778,,,0,27,14,
160,779,779,,,0,132,83,
333,780,780,,,1,164,97,
318,781,781,,,0,92,25,
289,782,782,,,0,165,86,
209,783,783,,,0,134,44,
341,784,784,,,1,9,51,
323,785,785,,,0,18,41,
318,786,786,,,0,92,25,
151,787,787,,,1,36,49,
18,788,788,,,0,81,13,
19,789,789,,,1,142,24,
290,790,790,,,1,27,33,
171,791,791,,,1,29,68,
145,792,792,,,1,72,70,
318,793,793,,,0,25,25,
280,794,794,,,0,38,14,
315,795,795,,,0,55,2,
245,796,796,,,0,19,17,
256,797,797,,,0,17,36,
307,798,798,,,1,143,7,
23,799,799,,,1,138,34,
232,800,800,,,0,1,43,
301,801,801,,,0,148,95,
255,802,802,,,1,28,39,
228,803,803,,,1,96,32,
290,804,804,,,1,105,33,
249,805,805,,,0,29,26,
249,806,806,,,0,72,26,
288,807,807,,,1,39,58,
275,808,808,,,1,79,50,
259,809,809,,,0,62,8,
237,810,810,,,1,147,10,
303,811,811,,,0,23,20,
160,812,812,,,0,128,83,
209,813,813,,,0,87,44,
256,814,814,,,0,123,36,
242,815,815,,,1,86,71,
185,816,816,,,1,33,29,
224,817,817,,,0,151,81,
324,818,818,,,1,50,16,
318,819,819,,,0,93,25,
318,820,820,,,0,90,25,
341,821,821,,,1,107,51,
161,822,822,,,0,71,3,
249,823,823,,,0,6,26,
313,824,824,,,0,36,47,
144,825,825,,,0,36,31,
240,826,826,,,1,74,57,
180,827,827,,,0,161,42,
127,828,828,,,1,63,74,
19,829,829,,,1,38,24,
318,830,830,,,0,28,25,
180,831,831,,,0,22,42,
289,832,832,,,0,166,86,
275,833,833,,,1,66,50,
301,834,834,,,0,160,95,
255,835,835,,,1,98,39,
210,836,836,,,0,20,18,
313,837,837,,,0,70,47,
307,838,838,,,1,22,7,
171,839,839,,,1,15,68,
265,840,840,,,0,150,87,
292,841,841,,,1,23,64,
275,842,842,,,1,16,50,
249,843,843,,,0,6,26,
301,844,844,,,0,119,95,
224,845,845,,,0,151,81,
180,846,846,,,0,30,42,
144,847,847,,,0,36,31,
171,848,848,,,1,29,68,
267,849,849,,,0,42,35,
31,850,850,,,1,160,80,
18,851,851,,,0,27,13,
160,852,852,,,0,83,83,
323,853,853,,,0,77,41,
249,854,854,,,0,41,26,
18,855,855,,,0,113,13,
241,856,856,,,1,98,52,
336,857,857,,,0,154,9,
228,858,858,,,1,19,32,
313,859,859,,,0,57,47,
255,860,860,,,1,25,39,
307,861,861,,,1,104,7,
280,862,862,,,0,79,14,
275,863,863,,,1,45,50,
270,864,864,,,1,150,98,
233,865,865,,,1,6,4,
288,866,866,,,1,12,58,
315,867,867,,,0,55,2,
293,868,868,,,0,49,77,
303,869,869,,,0,24,20,
320,870,870,,,0,120,22,
18,871,871,,,0,81,13,
290,872,872,,,1,44,33,
240,873,873,,,1,122,57,
268,874,874,,,1,88,73,
209,875,875,,,0,61,44,
19,876,876,,,1,156,24,
318,877,877,,,0,28,25,
228,878,878,,,1,96,32,
18,879,879,,,0,142,13,
208,880,880,,,1,87,21,
209,881,881,,,0,25,44,
289,882,882,,,0,117,86,
31,883,883,,,1,119,80,
271,884,884,,,1,157,56,
316,885,885,,,1,58,6,
255,886,886,,,1,67,39,
335,887,887,,,1,31,37,
151,888,888,,,1,6,49,
208,889,889,,,1,61,21,
228,890,890,,,1,96,32,
300,891,891,,,1,76,93,
266,892,892,,,0,74,92,
151,893,893,,,1,84,49,
336,894,894,,,0,10,9,
275,895,895,,,1,66,50,
249,896,896,,,0,4,26,
280,897,897,,,0,26,14,
295,898,898,,,0,14,19,
288,899,899,,,1,146,58,
151,900,900,,,1,99,49,
19,901,901,,,1,38,24,
249,902,902,,,0,41,26,
245,903,903,,,0,96,17,
114,904,904,,,1,140,76,
180,905,905,,,0,22,42,
325,906,906,,,1,167,75,
265,907,907,,,0,150,87,
208,908,908,,,1,134,21,
307,909,909,,,1,53,7,
114,910,910,,,1,140,76,
151,911,911,,,1,67,49,
302,912,912,,,1,139,62,
341,913,913,,,1,62,51,
24,914,914,,,1,54,45,
18,915,915,,,0,118,13,
255,916,916,,,1,28,39,
244,917,917,,,1,46,1,
303,918,918,,,0,23,20,
180,919,919,,,0,53,42,
259,920,920,,,0,162,8,
217,921,921,,,1,155,48,
114,922,922,,,1,73,76,
241,923,923,,,1,15,52,
180,924,924,,,0,53,42,
325,925,925,,,1,47,75,
318,926,926,,,0,4,25,
250,927,927,,,1,36,54,
336,928,928,,,0,97,9,
186,929,929,,,0,33,23,
335,930,930,,,1,34,37,
314,931,931,,,1,46,30,
18,932,932,,,0,113,13,
264,933,933,,,1,84,90,
295,934,934,,,0,45,19,
245,935,935,,,0,95,17,
297,936,936,,,0,106,59,
295,937,937,,,0,112,19,
253,938,938,,,0,36,60,
311,939,939,,,0,88,72,
319,940,940,,,0,93,85,
208,941,941,,,1,61,21,
208,942,942,,,1,87,21,
275,943,943,,,1,27,50,
315,944,944,,,0,46,2,
18,945,945,,,0,113,13,
114,946,946,,,1,73,76,
245,947,947,,,0,95,17,
323,948,948,,,0,77,41,
128,949,949,,,0,57,66,
167,950,950,,,1,87,5,
109,951,951,,,0,73,28,
250,952,952,,,1,137,54,
208,953,953,,,1,61,21,
293,954,954,,,0,121,77,
109,955,955,,,0,73,28,
233,956,956,,,1,82,4,
240,957,957,,,1,151,57,
275,958,958,,,1,142,50,
336,959,959,,,0,69,9,
180,960,960,,,0,161,42,
167,961,961,,,1,5,5,
31,962,962,,,1,148,80,
259,963,963,,,0,107,8,
19,964,964,,,1,113,24,
210,965,965,,,0,155,18,
303,966,966,,,0,75,20,
262,967,967,,,0,158,65,
245,968,968,,,0,19,17,
241,969,969,,,1,57,52,
292,970,970,,,1,89,64,
180,971,971,,,0,143,42,
109,972,972,,,0,73,28,
171,973,973,,,1,67,68,
128,974,974,,,0,15,66,
128,975,975,,,0,15,66,
109,976,976,,,0,73,28,
237,977,977,,,1,147,10,
245,978,978,,,0,69,17,
161,979,979,,,0,15,3,
232,980,980,,,0,1,43,
208,981,981,,,1,41,21,
319,982,982,,,0,67,85,
318,983,983,,,0,114,25,
186,984,984,,,0,112,23,
209,985,985,,,0,25,44,
186,986,986,,,0,16,23,
185,987,987,,,1,14,29,
18,988,988,,,0,45,13,
208,989,989,,,1,88,21,
19,990,990,,,1,142,24,
258,991,991,,,1,110,12,
127,992,992,,,1,3,74,
225,993,993,,,1,43,15,
307,994,994,,,1,48,7,
318,995,995,,,0,6,25,
249,996,996,,,0,6,26,
208,997,997,,,1,134,21,
109,998,998,,,0,32,28,
233,999,999,,,1,6,4,
209,1000,1000,,,0,87,44,
259,1001,1001,,,0,162,8,
19,1002,1002,,,1,81,24,
144,1003,1003,,,0,93,31,
341,1004,1004,,,1,107,51,
25,1005,1005,,,0,54,88,
293,1006,1006,,,0,68,77,
293,1007,1007,,,0,49,77,
225,1008,1008,,,1,136,15,
318,1009,1009,,,0,114,25,
305,1010,1010,,,0,10,99,
19,1011,1011,,,1,14,24,
275,1012,1012,,,1,64,50,
336,1013,1013,,,0,69,9,
168,1014,1014,,,1,83,63,
262,1015,1015,,,0,110,65,
275,1016,1016,,,1,118,50,
240,1017,1017,,,1,122,57,
240,1018,1018,,,1,122,57,
209,1019,1019,,,0,61,44,
291,1020,1020,,,0,7,11,
180,1021,1021,,,0,8,42,
210,1022,1022,,,0,20,18,
237,1023,1023,,,1,165,10,
318,1024,1024,,,0,98,25,
241,1025,1025,,,1,70,52,
325,1026,1026,,,1,94,75,
315,1027,1027,,,0,2,2,
19,1028,1028,,,1,142,24,
290,1029,1029,,,1,156,33,
318,1030,1030,,,0,98,25,
302,1031,1031,,,1,75,62,
240,1032,1032,,,1,74,57,
209,1033,1033,,,0,90,44,
307,1034,1034,,,1,22,7,
307,1035,1035,,,1,8,7,
180,1036,1036,,,0,104,42,
332,1037,1037,,,0,34,27,
208,1038,1038,,,1,134,21,
23,1039,1039,,,1,40,34,
341,1040,1040,,,1,9,51,
242,1041,1041,,,1,25,71,
243,1042,1042,,,1,116,91,
171,1043,1043,,,1,36,68,
167,1044,1044,,,1,137,5,
225,1045,1045,,,1,123,15,
307,1046,1046,,,1,53,7,
336,1047,1047,,,0,168,9,
208,1048,1048,,,1,90,21,
19,1049,1049,,,1,45,24,
167,1050,1050,,,1,141,5,
210,1051,1051,,,0,129,18,
228,1052,1052,,,1,19,32,
18,1053,1053,,,0,81,13,
114,1054,1054,,,1,32,76,
161,1055,1055,,,0,36,3,
249,1056,1056,,,0,4,26,
245,1057,1057,,,0,95,17,
18,1058,1058,,,0,113,13,
228,1059,1059,,,1,133,32,
22,1060,1060,,,0,51,69,
299,1061,1061,,,0,12,61,
240,1062,1062,,,1,74,57,
224,1063,1063,,,0,74,81,
337,1064,1064,,,1,97,46,
288,1065,1065,,,1,23,58,
271,1066,1066,,,1,157,56,
325,1067,1067,,,1,80,75,
251,1068,1068,,,0,116,79,
280,1069,1069,,,0,66,14,
128,1070,1070,,,0,57,66,
241,1071,1071,,,1,92,52,
180,1072,1072,,,0,143,42,
307,1073,1073,,,1,30,7,
167,1074,1074,,,1,3,5,
144,1075,1075,,,0,84,31,
302,1076,1076,,,1,120,62,
209,1077,1077,,,0,4,44,
228,1078,1078,,,1,95,32,
24,1079,1079,,,1,131,45,
255,1080,1080,,,1,57,39,
180,1081,1081,,,0,48,42,
232,1082,1082,,,0,1,43,
244,1083,1083,,,1,1,1,
180,1084,1084,,,0,143,42,
323,1085,1085,,,0,50,41,
18,1086,1086,,,0,112,13,
275,1087,1087,,,1,79,50,
295,1088,1088,,,0,44,19,
186,1089,1089,,,0,26,23,
275,1090,1090,,,1,16,50,
244,1091,1091,,,1,101,1,
331,1092,1092,,,0,152,94,
262,1093,1093,,,0,52,65,
167,1094,1094,,,1,137,5,
290,1095,1095,,,1,64,33,
270,1096,1096,,,1,150,98,
128,1097,1097,,,0,3,66,
217,1098,1098,,,1,60,48,
290,1099,1099,,,1,38,33,
330,1100,1100,,,1,121,40,
275,1101,1101,,,1,33,50,
245,1102,1102,,,0,95,17,
314,1103,1103,,,1,91,30,
318,1104,1104,,,0,88,25,
256,1105,1105,,,0,136,36,
313,1106,1106,,,0,84,47,
208,1107,1107,,,1,4,21,
292,1108,1108,,,1,75,64,
289,1109,1109,,,0,147,86,
18,1110,1110,,,0,21,13,
255,1111,1111,,,1,6,39,
186,1112,1112,,,0,44,23,
208,1113,1113,,,1,61,21,
314,1114,1114,,,1,78,30,
288,1115,1115,,,1,23,58,
228,1116,1116,,,1,96,32,
208,1117,1117,,,1,25,21,
318,1118,1118,,,0,65,25,
144,1119,1119,,,0,29,31,
245,1120,1120,,,0,95,17,
319,1121,1121,,,0,98,85,
280,1122,1122,,,0,16,14,
336,1123,1123,,,0,56,9,
316,1124,1124,,,1,120,6,
267,1125,1125,,,0,157,35,
237,1126,1126,,,1,117,10,
186,1127,1127,,,0,33,23,
19,1128,1128,,,1,27,24,
259,1129,1129,,,0,107,8,
128,1130,1130,,,0,99,66,
291,1131,1131,,,0,130,11,
299,1132,1132,,,0,23,61,
300,1133,1133,,,1,106,93,
300,1134,1134,,,1,106,93,
315,1135,1135,,,0,55,2,
280,1136,1136,,,0,44,14,
300,1137,1137,,,1,106,93,
307,1138,1138,,,1,143,7,
18,1139,1139,,,0,142,13,
22,1140,1140,,,0,51,69,
314,1141,1141,,,1,2,30,
303,1142,1142,,,0,75,20,
307,1143,1143,,,1,8,7,
249,1144,1144,,,0,91,26,
18,1145,1145,,,0,66,13,
249,1146,1146,,,0,57,26,
275,1147,1147,,,1,26,50,
154,1148,1148,,,1,144,89,
249,1149,1149,,,0,57,26,
299,1150,1150,,,0,89,61,
325,1151,1151,,,1,111,75,
147,1152,1152,,,1,78,53,
332,1153,1153,,,0,34,27,
180,1154,1154,,,0,135,42,
293,1155,1155,,,0,49,77,
128,1156,1156,,,0,29,66,
341,1157,1157,,,1,107,51,
209,1158,1158,,,0,4,44,
288,1159,1159,,,1,23,58,
185,1160,1160,,,1,16,29,
186,1161,1161,,,0,156,23,
23,1162,1162,,,1,51,34,
147,1163,1163,,,1,3,53,
307,1164,1164,,,1,53,7,
326,1165,1165,,,0,169,38,
253,1166,1166,,,0,57,60,
299,1167,1167,,,0,75,61,
233,1168,1168,,,1,82,4,
180,1169,1169,,,0,8,42,
255,1170,1170,,,1,28,39,
292,1171,1171,,,1,75,64,
240,1172,1172,,,1,151,57,
186,1173,1173,,,0,105,23,
275,1174,1174,,,1,33,50,
217,1175,1175,,,1,129,48,
208,1176,1176,,,1,25,21,
244,1177,1177,,,1,1,1,
228,1178,1178,,,1,19,32,
290,1179,1179,,,1,38,33,
225,1180,1180,,,1,17,15,
209,1181,1181,,,0,4,44,
167,1182,1182,,,1,141,5,
259,1183,1183,,,0,162,8,
307,1184,1184,,,1,112,7,
297,1185,1185,,,0,109,59,
232,1186,1186,,,0,84,43,
209,1187,1187,,,0,61,44,
318,1188,1188,,,0,88,25,
167,1189,1189,,,1,15,5,
258,1190,1190,,,1,102,12,
233,1191,1191,,,1,41,4,
333,1192,1192,,,1,152,97,
225,1193,1193,,,1,136,15,
232,1194,1194,,,0,1,43,
244,1195,1195,,,1,101,1,
289,1196,1196,,,0,134,86,
23,1197,1197,,,1,40,34,
180,1198,1198,,,0,104,42,
314,1199,1199,,,1,46,30,
302,1200,1200,,,1,7,62,
208,1201,1201,,,1,61,21,
180,1202,1202,,,0,30,42,
250,1203,1203,,,1,57,54,
147,1204,1204,,,1,29,53,
161,1205,1205,,,0,29,3,
18,1206,1206,,,0,38,13,
209,1207,1207,,,0,134,44,
280,1208,1208,,,0,118,14,
275,1209,1209,,,1,16,50,
256,1210,1210,,,0,17,36,
180,1211,1211,,,0,30,42,
224,1212,1212,,,0,151,81,
232,1213,1213,,,0,71,43,
151,1214,1214,,,1,84,49,
127,1215,1215,,,1,137,74,
151,1216,1216,,,1,78,49,
321,1217,1217,,,0,149,84,
318,1218,1218,,,0,86,25,
114,1219,1219,,,1,73,76,
255,1220,1220,,,1,36,39,
160,1221,1221,,,0,128,83,
161,1222,1222,,,0,15,3,
280,1223,1223,,,0,38,14,
314,1224,1224,,,1,55,30,
114,1225,1225,,,1,32,76,
330,1226,1226,,,1,49,40,
255,1227,1227,,,1,92,39,
318,1228,1228,,,0,90,25,
256,1229,1229,,,0,43,36,
299,1230,1230,,,0,39,61,
144,1231,1231,,,0,99,31,
180,1232,1232,,,0,22,42,
168,1233,1233,,,1,128,63,
232,1234,1234,,,0,101,43,
275,1235,1235,,,1,64,50,
290,1236,1236,,,1,44,33,
150,1237,1237,,,0,72,55,
209,1238,1238,,,0,87,44,
334,1239,1239,,,1,163,100,
180,1240,1240,,,0,30,42,
180,1241,1241,,,0,53,42,
180,1242,1242,,,0,104,42,
290,1243,1243,,,1,21,33,
255,1244,1244,,,1,92,39,
318,1245,1245,,,0,91,25,
167,1246,1246,,,1,3,5,
167,1247,1247,,,1,63,5,
128,1248,1248,,,0,70,66,
258,1249,1249,,,1,159,12,
330,1250,1250,,,1,121,40,
209,1251,1251,,,0,25,44,
318,1252,1252,,,0,86,25,
249,1253,1253,,,0,41,26,
233,1254,1254,,,1,88,4,
249,1255,1255,,,0,82,26,
275,1256,1256,,,1,142,50,
244,1257,1257,,,1,101,1,
315,1258,1258,,,0,71,2,
208,1259,1259,,,1,87,21,
307,1260,1260,,,1,135,7,
326,1261,1261,,,0,167,38,
18,1262,1262,,,0,156,13,
167,1263,1263,,,1,15,5,
293,1264,1264,,,0,68,77,
241,1265,1265,,,1,88,52,
237,1266,1266,,,1,165,10,
208,1267,1267,,,1,87,21,
22,1268,1268,,,0,59,69,
168,1269,1269,,,1,128,63,
325,1270,1270,,,1,170,75,
299,1271,1271,,,0,85,61,
319,1272,1272,,,0,98,85,
245,1273,1273,,,0,37,17,
150,1274,1274,,,0,72,55,
150,1275,1275,,,0,90,55,
228,1276,1276,,,1,133,32,
313,1277,1277,,,0,15,47,
24,1278,1278,,,1,54,45,
290,1279,1279,,,1,14,33,
144,1280,1280,,,0,67,31,
151,1281,1281,,,1,67,49,
259,1282,1282,,,0,162,8,
280,1283,1283,,,0,79,14,
167,1284,1284,,,1,141,5,
209,1285,1285,,,0,87,44,
290,1286,1286,,,1,26,33,
295,1287,1287,,,0,14,19,
255,1288,1288,,,1,114,39,
209,1289,1289,,,0,25,44,
264,1290,1290,,,1,87,90,
305,1291,1291,,,0,56,99,
326,1292,1292,,,0,170,38,
326,1293,1293,,,0,47,38,
335,1294,1294,,,1,125,37,
147,1295,1295,,,1,141,53,
314,1296,1296,,,1,2,30,
305,1297,1297,,,0,100,99,
168,1298,1298,,,1,83,63,
217,1299,1299,,,1,155,48,
209,1300,1300,,,0,90,44,
18,1301,1301,,,0,38,13,
145,1302,1302,,,1,90,70,
160,1303,1303,,,0,128,83,
305,1304,1304,,,0,97,99,
31,1305,1305,,,1,160,80,
340,1306,1306,,,0,163,96,
209,1307,1307,,,0,61,44,
167,1308,1308,,,1,63,5,
341,1309,1309,,,1,162,51,
225,1310,1310,,,1,43,15,
128,1311,1311,,,0,70,66,
233,1312,1312,,,1,41,4,
297,1313,1313,,,0,103,59,
249,1314,1314,,,0,87,26,
185,1315,1315,,,1,26,29,
300,1316,1316,,,1,109,93,
305,1317,1317,,,0,168,99,
275,1318,1318,,,1,156,50,
334,1319,1319,,,1,171,100,
275,1320,1320,,,1,44,50,
270,1321,1321,,,1,150,98,
280,1322,1322,,,0,142,14,
144,1323,1323,,,0,4,31,
341,1324,1324,,,1,9,51,
323,1325,1325,,,0,50,41,
233,1326,1326,,,1,41,4,
315,1327,1327,,,0,46,2,
290,1328,1328,,,1,112,33,
233,1329,1329,,,1,29,4,
271,1330,1330,,,1,42,56,
335,1331,1331,,,1,35,37,
336,1332,1332,,,0,154,9,
224,1333,1333,,,0,151,81,
244,1334,1334,,,1,71,1,
208,1335,1335,,,1,87,21,
171,1336,1336,,,1,82,68,
19,1337,1337,,,1,81,24,
255,1338,1338,,,1,67,39,
335,1339,1339,,,1,35,37,
224,1340,1340,,,0,67,81,
180,1341,1341,,,0,161,42,
208,1342,1342,,,1,25,21,
271,1343,1343,,,1,157,56,
228,1344,1344,,,1,34,32,
19,1345,1345,,,1,38,24,
332,1346,1346,,,0,34,27,
171,1347,1347,,,1,15,68,
255,1348,1348,,,1,57,39,
259,1349,1349,,,0,107,8,
151,1350,1350,,,1,99,49,
161,1351,1351,,,0,70,3,
250,1352,1352,,,1,36,54,
270,1353,1353,,,1,150,98,
147,1354,1354,,,1,15,53,
144,1355,1355,,,0,137,31,
307,1356,1356,,,1,8,7,
147,1357,1357,,,1,99,53,
255,1358,1358,,,1,98,39,
23,1359,1359,,,1,138,34,
22,1360,1360,,,0,138,69,
255,1361,1361,,,1,90,39,
323,1362,1362,,,0,18,41,
22,1363,1363,,,0,138,69,
301,1364,1364,,,0,160,95,
128,1365,1365,,,0,4,66,
210,1366,1366,,,0,129,18,
228,1367,1367,,,1,95,32,
315,1368,1368,,,0,78,2,
185,1369,1369,,,1,21,29,
318,1370,1370,,,0,65,25,
228,1371,1371,,,1,19,32,
319,1372,1372,,,0,57,85,
326,1373,1373,,,0,108,38,
266,1374,1374,,,0,4,92,
251,1375,1375,,,0,145,79,
313,1376,1376,,,0,91,47,
264,1377,1377,,,1,4,90,
300,1378,1378,,,1,103,93,
233,1379,1379,,,1,82,4,
332,1380,1380,,,0,35,27,
299,1381,1381,,,0,12,61,
255,1382,1382,,,1,98,39,
318,1383,1383,,,0,92,25,
332,1384,1384,,,0,35,27,
256,1385,1385,,,0,136,36,
114,1386,1386,,,1,73,76,
144,1387,1387,,,0,84,31,
18,1388,1388,,,0,45,13,
255,1389,1389,,,1,86,39,
337,1390,1390,,,1,168,46,
171,1391,1391,,,1,70,68,
307,1392,1392,,,1,30,7,
233,1393,1393,,,1,6,4,
185,1394,1394,,,1,112,29,
275,1395,1395,,,1,64,50,
335,1396,1396,,,1,31,37,
161,1397,1397,,,0,74,3,
266,1398,1398,,,0,87,92,
280,1399,1399,,,0,142,14,
180,1400,1400,,,0,48,42,
249,1401,1401,,,0,6,26,
167,1402,1402,,,1,141,5,
109,1403,1403,,,0,140,28,
302,1404,1404,,,1,130,62,
326,1405,1405,,,0,111,38,
185,1406,1406,,,1,113,29,
240,1407,1407,,,1,151,57,
307,1408,1408,,,1,104,7,
307,1409,1409,,,1,161,7,
336,1410,1410,,,0,168,9,
232,1411,1411,,,0,1,43,
280,1412,1412,,,0,66,14,
304,1413,1413,,,1,154,67,
19,1414,1414,,,1,113,24,
275,1415,1415,,,1,38,50,
307,1416,1416,,,1,161,7,
255,1417,1417,,,1,84,39,
208,1418,1418,,,1,78,21,
307,1419,1419,,,1,22,7,
300,1420,1420,,,1,109,93,
299,1421,1421,,,0,24,61,
295,1422,1422,,,0,66,19,
168,1423,1423,,,1,128,63,
255,1424,1424,,,1,92,39,
25,1425,1425,,,0,126,88,
25,1426,1426,,,0,131,88,
307,1427,1427,,,1,53,7,
262,1428,1428,,,0,172,65,
264,1429,1429,,,1,90,90,
209,1430,1430,,,0,61,44,
23,1431,1431,,,1,51,34,
228,1432,1432,,,1,95,32,
318,1433,1433,,,0,88,25,
168,1434,1434,,,1,83,63,
144,1435,1435,,,0,67,31,
253,1436,1436,,,0,67,60,
224,1437,1437,,,0,122,81,
180,1438,1438,,,0,135,42,
320,1439,1439,,,0,89,22,
337,1440,1440,,,1,97,46,
256,1441,1441,,,0,124,36,
307,1442,1442,,,1,143,7,
209,1443,1443,,,0,78,44,
127,1444,1444,,,1,141,74,
249,1445,1445,,,0,84,26,
109,1446,1446,,,0,140,28,
249,1447,1447,,,0,82,26,
320,1448,1448,,,0,139,22,
341,1449,1449,,,1,162,51,
267,1450,1450,,,0,157,35,
255,1451,1451,,,1,93,39,
237,1452,1452,,,1,11,10,
19,1453,1453,,,1,142,24,
258,1454,1454,,,1,52,12,
275,1455,1455,,,1,26,50,
249,1456,1456,,,0,82,26,
271,1457,1457,,,1,42,56,
288,1458,1458,,,1,24,58,
341,1459,1459,,,1,62,51,
245,1460,1460,,,0,96,17,
19,1461,1461,,,1,112,24,
307,1462,1462,,,1,143,7,
22,1463,1463,,,0,138,69,
332,1464,1464,,,0,31,27,
319,1465,1465,,,0,114,85,
127,1466,1466,,,1,74,74,
316,1467,1467,,,1,23,6,
217,1468,1468,,,1,155,48,
171,1469,1469,,,1,70,68,
168,1470,1470,,,1,132,63,
167,1471,1471,,,1,70,5,
244,1472,1472,,,1,71,1,
332,1473,1473,,,0,125,27,
341,1474,1474,,,1,107,51,
127,1475,1475,,,1,72,74,
318,1476,1476,,,0,67,25,
313,1477,1477,,,0,65,47,
127,1478,1478,,,1,141,74,
318,1479,1479,,,0,86,25,
259,1480,1480,,,0,62,8,
255,1481,1481,,,1,93,39,
245,1482,1482,,,0,133,17,
209,1483,1483,,,0,61,44,
307,1484,1484,,,1,104,7,
291,1485,1485,,,0,12,11,
330,1486,1486,,,1,49,40,
322,1487,1487,,,1,149,78,
208,1488,1488,,,1,61,21,
251,1489,1489,,,0,145,79,
295,1490,1490,,,0,105,19,
330,1491,1491,,,1,49,40,
259,1492,1492,,,0,9,8,
224,1493,1493,,,0,74,81,
255,1494,1494,,,1,114,39,
24,1495,1495,,,1,54,45,
255,1496,1496,,,1,28,39,
19,1497,1497,,,1,21,24,
171,1498,1498,,,1,74,68,
161,1499,1499,,,0,88,3,
209,1500,1500,,,0,87,44,
209,1501,1501,,,0,61,44,
25,1502,1502,,,0,131,88,
210,1503,1503,,,0,129,18,
168,1504,1504,,,1,132,63,
266,1505,1505,,,0,78,92,
186,1506,1506,,,0,38,23,
299,1507,1507,,,0,89,61,
237,1508,1508,,,1,134,10,
208,1509,1509,,,1,61,21,
171,1510,1510,,,1,15,68,
259,1511,1511,,,0,107,8,
295,1512,1512,,,0,112,19,
289,1513,1513,,,0,165,86,
341,1514,1514,,,1,162,51,
258,1515,1515,,,1,172,12,
249,1516,1516,,,0,6,26,
318,1517,1517,,,0,67,25,
224,1518,1518,,,0,74,81,
290,1519,1519,,,1,118,33,
217,1520,1520,,,1,20,48,
341,1521,1521,,,1,9,51,
245,1522,1522,,,0,96,17,
290,1523,1523,,,1,105,33,
295,1524,1524,,,0,21,19,
295,1525,1525,,,0,26,19,
243,1526,1526,,,1,116,91,
249,1527,1527,,,0,41,26,
304,1528,1528,,,1,10,67,
341,1529,1529,,,1,9,51,
233,1530,1530,,,1,65,4,
314,1531,1531,,,1,2,30,
208,1532,1532,,,1,25,21,
249,1533,1533,,,0,41,26,
180,1534,1534,,,0,135,42,
337,1535,1535,,,1,10,46,
22,1536,1536,,,0,40,69,
266,1537,1537,,,0,84,92,
258,1538,1538,,,1,158,12,
209,1539,1539,,,0,25,44,
127,1540,1540,,,1,3,74,
186,1541,1541,,,0,38,23,
318,1542,1542,,,0,36,25,
259,1543,1543,,,0,162,8,
128,1544,1544,,,0,70,66,
304,1545,1545,,,1,37,67,
295,1546,1546,,,0,14,19,
208,1547,1547,,,1,90,21,
127,1548,1548,,,1,5,74,
237,1549,1549,,,1,166,10,
25,1550,1550,,,0,54,88,
18,1551,1551,,,0,27,13,
337,1552,1552,,,1,168,46,
217,1553,1553,,,1,129,48,
280,1554,1554,,,0,33,14,
275,1555,1555,,,1,14,50,
318,1556,1556,,,0,84,25,
270,1557,1557,,,1,116,98,
161,1558,1558,,,0,29,3,
325,1559,1559,,,1,169,75,
325,1560,1560,,,1,111,75,
258,1561,1561,,,1,158,12,
313,1562,1562,,,0,86,47,
233,1563,1563,,,1,41,4,
167,1564,1564,,,1,91,5,
171,1565,1565,,,1,90,68,
31,1566,1566,,,1,119,80,
18,1567,1567,,,0,27,13,
233,1568,1568,,,1,84,4,
341,1569,1569,,,1,62,51,
160,1570,1570,,,0,83,83,
209,1571,1571,,,0,61,44,
291,1572,1572,,,0,120,11,
242,1573,1573,,,1,88,71,
259,1574,1574,,,0,107,8,
293,1575,1575,,,0,49,77,
147,1576,1576,,,1,91,53,
268,1577,1577,,,1,84,73,
232,1578,1578,,,0,46,43,
151,1579,1579,,,1,88,49,
255,1580,1580,,,1,86,39,
259,1581,1581,,,0,62,8,
323,1582,1582,,,0,18,41,
321,1583,1583,,,0,149,84,
128,1584,1584,,,0,78,66,
297,1585,1585,,,0,106,59,
249,1586,1586,,,0,65,26,
275,1587,1587,,,1,142,50,
258,1588,1588,,,1,159,12,
255,1589,1589,,,1,4,39,
290,1590,1590,,,1,26,33,
332,1591,1591,,,0,125,27,
275,1592,1592,,,1,105,50,
127,1593,1593,,,1,78,74,
68,1594,1594,,,1,173,82,
233,1595,1595,,,1,41,4,
241,1596,1596,,,1,65,52,
224,1597,1597,,,0,74,81,
326,1598,1598,,,0,108,38,
18,1599,1599,,,0,66,13,
19,1600,1600,,,1,113,24,
253,1601,1601,,,0,29,60,
315,1602,1602,,,0,91,2,
301,1603,1603,,,0,148,95,
249,1604,1604,,,0,41,26,
114,1605,1605,,,1,73,76,
19,1606,1606,,,1,113,24,
167,1607,1607,,,1,5,5,
144,1608,1608,,,0,88,31,
167,1609,1609,,,1,137,5,
22,1610,1610,,,0,138,69,
326,1611,1611,,,0,94,38,
180,1612,1612,,,0,161,42,
292,1613,1613,,,1,24,64,
326,1614,1614,,,0,174,38,
180,1615,1615,,,0,8,42,
288,1616,1616,,,1,39,58,
280,1617,1617,,,0,156,14,
267,1618,1618,,,0,157,35,
324,1619,1619,,,1,77,16,
301,1620,1620,,,0,119,95,
323,1621,1621,,,0,18,41,
171,1622,1622,,,1,90,68,
144,1623,1623,,,0,84,31,
275,1624,1624,,,1,66,50,
18,1625,1625,,,0,142,13,
180,1626,1626,,,0,143,42,
319,1627,1627,,,0,114,85,
210,1628,1628,,,0,60,18,
233,1629,1629,,,1,82,4,
318,1630,1630,,,0,92,25,
293,1631,1631,,,0,121,77,
307,1632,1632,,,1,104,7,
325,1633,1633,,,1,174,75,
161,1634,1634,,,0,70,3,
289,1635,1635,,,0,11,86,
233,1636,1636,,,1,82,4,
275,1637,1637,,,1,44,50,
307,1638,1638,,,1,22,7,
241,1639,1639,,,1,88,52,
244,1640,1640,,,1,1,1,
128,1641,1641,,,0,99,66,
19,1642,1642,,,1,113,24,
253,1643,1643,,,0,99,60,
250,1644,1644,,,1,67,54,
210,1645,1645,,,0,155,18,
209,1646,1646,,,0,61,44,
289,1647,1647,,,0,11,86,
341,1648,1648,,,1,162,51,
114,1649,1649,,,1,73,76,
319,1650,1650,,,0,28,85,
25,1651,1651,,,0,54,88,
275,1652,1652,,,1,16,50,
325,1653,1653,,,1,80,75,
318,1654,1654,,,0,29,25,
19,1655,1655,,,1,21,24,
299,1656,1656,,,0,146,61,
151,1657,1657,,,1,67,49,
160,1658,1658,,,0,132,83,
324,1659,1659,,,1,18,16,
18,1660,1660,,,0,81,13,
259,1661,1661,,,0,62,8,
147,1662,1662,,,1,15,53,
318,1663,1663,,,0,86,25,
307,1664,1664,,,1,135,7,
262,1665,1665,,,0,159,65,
307,1666,1666,,,1,143,7,
280,1667,1667,,,0,64,14,
233,1668,1668,,,1,6,4,
335,1669,1669,,,1,34,37,
240,1670,1670,,,1,122,57,
244,1671,1671,,,1,71,1,
292,1672,1672,,,1,146,64,
305,1673,1673,,,0,56,99,
255,1674,1674,,,1,98,39,
147,1675,1675,,,1,99,53,
275,1676,1676,,,1,64,50,
18,1677,1677,,,0,81,13,
280,1678,1678,,,0,33,14,
332,1679,1679,,,0,125,27,
290,1680,1680,,,1,21,33,
304,1681,1681,,,1,168,67,
274,1682,1682,,,1,175,101,
284,1683,1683,,,0,175,102,
274,1684,1684,,,1,175,101,
284,1685,1685,,,0,175,102,
274,1686,1686,,,1,175,101,
284,1687,1687,,,0,175,102,
274,1688,1688,,,1,175,101,
284,1689,1689,,,0,175,102,
274,1690,1690,,,1,175,101,
284,1691,1691,,,0,175,102,
274,1692,1692,,,1,175,101,
284,1693,1693,,,0,175,102,
274,1694,1694,,,1,176,101,
284,1695,1695,,,0,176,102,
274,1696,1696,,,1,176,101,
284,1697,1697,,,0,176,102,
274,1698,1698,,,1,176,101,
284,1699,1699,,,0,176,102,
274,1700,1700,,,1,177,101,
284,1701,1701,,,0,177,102,
274,1702,1702,,,1,177,101,
284,1703,1703,,,0,177,102,
274,1704,1704,,,1,177,101,
284,1705,1705,,,0,177,102,
274,1706,1706,,,1,177,101,
284,1707,1707,,,0,177,102,
